-2653.8 741.1 -2.2 180 0 8.2 13.4 10.5 3.5 2 1 3 1 1
-2655.0 755.8 -2.4 182 0 15.3 15.9 10.5 3.5 2 1 3 5 5
-2579.6 607.4 -1.0 87 0 16.7 30.2 14.0 0.0 0 1 4 2 2
-2654.3 722.4 -2.0 182 0 10.0 15.3 10.5 3.5 2 1 3 0 0
-2655.7 677.8 -1.6 180 0 16.3 13.7 10.5 3.5 2 0 3 1 1
-2655.5 694.8 -1.8 181 0 17.5 13.7 10.5 3.5 2 0 3 0 0
-2626.1 643.7 -1.1 181 0 8.2 6.1 10.5 3.5 2 0 3 2 2
-2569.6 655.6 -1.1 357 0 20.5 9.7 10.5 3.5 2 0 3 3 3
6451.0 -3417.6 -2.4 105 0 23.9 188.7 2.5 0.0 0 1 1 2 2
6545.3 -3222.0 -2.6 14 0 19.6 49.1 2.5 2.5 2 1 1 0 0
