5904.4 5734.1 0.9 188 0 135.1 29.2 7.5 0.0 0 0 3 0 0
1492.2 2933.2 -1.2 324 0 25.6 36.1 7.5 0.0 0 1 3 1 1
1638.7 3181.0 -0.7 231 0 45.3 24.2 7.5 0.0 0 0 3 1 1
1925.2 2499.0 -2.3 54 0 39.1 23.8 7.5 0.0 0 0 3 3 3
2165.0 2778.1 -4.8 321 0 50.1 25.5 7.5 0.0 0 0 3 2 2
1632.5 4952.1 -4.1 185 0 21.2 36.7 10.0 0.0 0 1 4 1 1
6162.7 473.9 -8.0 96 0 53.9 33.2 12.5 0.0 0 0 5 0 0
6549.2 337.7 -3.5 183 0 49.3 34.4 10.0 0.0 0 0 4 2 2
6815.6 220.7 -4.1 94 0 38.7 35.8 10.0 0.0 0 0 4 3 3
3285.9 6286.6 -7.9 191 0 12.0 18.9 15.0 0.0 0 1 6 1 1
3587.4 6430.5 -7.1 73 0 6.8 10.7 5.0 2.5 2 1 2 3 3
6866.0 4857.1 -7.0 185 0 19.2 33.2 10.0 2.5 2 1 4 2 2
6514.1 5404.7 -7.8 187 0 44.5 13.8 10.0 2.5 2 0 4 2 2
6555.4 5438.0 -8.0 276 0 8.1 43.3 7.5 2.5 4 1 3 2 2
3459.4 6037.7 -7.1 273 0 15.3 15.5 5.0 2.5 2 1 2 4 4
3467.4 6201.8 -8.2 71 0 28.3 19.2 10.0 2.5 2 0 4 5 5
3364.0 6325.8 -7.1 237 0 14.4 12.0 5.0 2.5 2 0 2 4 4
6883.5 -1229.6 -4.5 93 0 38.2 44.8 10.0 0.0 0 1 4 0 0
6916.9 -1389.9 -5.3 91 0 13.5 28.5 10.0 0.0 0 1 4 2 2
6436.7 393.6 -5.0 275 0 20.6 18.2 10.0 2.5 2 0 4 5 5
6904.8 5595.3 -7.5 6 0 19.1 15.4 10.0 2.5 2 0 4 2 2
6323.3 5697.7 -7.0 3 0 8.3 12.1 7.5 2.5 4 1 3 5 5
6327.0 5669.7 -6.7 6 0 21.7 9.7 2.5 2.5 2 0 1 1 1
6333.8 5408.5 -6.2 7 0 49.7 52.6 10.0 0.0 0 1 4 0 0
6266.7 5377.6 -5.8 8 0 8.6 16.3 7.5 2.5 2 1 3 5 5
6633.0 4671.0 -7.3 276 0 80.7 15.7 12.5 2.5 2 0 5 0 0
6716.1 4687.9 -7.2 7 0 59.3 26.1 10.0 2.5 2 0 4 3 3
6597.5 4888.1 -7.4 98 0 18.9 22.8 10.0 2.5 2 1 4 2 2
6757.3 4863.6 -7.2 97 0 29.2 23.2 7.5 0.0 0 0 3 1 1
6580.2 4360.1 -7.0 307 0 19.4 28.0 7.5 2.5 2 1 3 3 3
6528.0 4373.9 -7.2 126 0 16.7 21.5 5.0 0.0 0 1 2 5 5
6496.1 4581.6 -7.8 97 0 20.6 11.1 5.0 2.5 2 0 2 4 4
6425.8 4752.0 -8.1 98 0 12.2 22.2 10.0 2.5 2 1 4 5 5
6411.3 4911.8 -7.7 117 0 14.0 22.6 10.0 2.5 2 1 4 2 2
6375.0 4566.6 -8.1 277 0 21.5 17.8 7.5 2.5 2 0 3 5 5
6163.3 5001.9 -7.3 96 0 13.9 18.7 10.0 2.5 2 1 4 0 0
6127.8 4900.4 -6.6 4 0 14.0 10.2 5.0 2.5 2 0 2 5 5
2141.1 2276.6 0.6 230 0 18.9 25.7 10.0 2.5 2 1 4 2 2
2063.1 2357.0 -0.7 50 0 56.2 25.7 10.0 2.5 4 0 4 2 2
2011.4 2077.3 0.1 297 0 49.3 26.7 7.5 0.0 0 0 3 4 4
1995.3 1889.0 -0.4 112 0 23.7 18.8 5.0 2.5 2 0 2 1 1
1833.5 1742.6 -1.2 202 0 18.8 52.9 10.0 2.5 4 1 4 1 1
2167.8 1673.8 -0.5 202 0 48.6 22.4 10.0 2.5 2 0 4 1 1
2256.7 1774.5 0.0 24 0 25.8 12.9 7.5 2.5 2 0 3 3 3
2291.7 1944.1 0.6 145 0 48.5 35.5 7.5 0.0 0 0 3 1 1
2098.5 1396.9 -0.2 291 0 13.4 23.6 12.5 2.5 2 1 5 3 3
2034.2 1331.0 -0.3 201 0 23.5 24.3 10.0 0.0 0 1 4 5 5
2461.6 600.0 -0.9 282 0 43.6 13.1 10.0 2.5 2 0 4 4 4
2420.7 607.5 -1.1 280 0 23.5 13.2 10.0 2.5 2 0 4 2 2
2694.8 644.1 0.4 76 0 26.9 12.8 10.0 2.5 2 0 4 3 3
2899.0 805.0 1.3 225 0 32.3 14.7 7.5 2.5 2 0 3 5 5
2805.5 1279.0 2.0 30 0 23.6 16.7 12.5 2.5 4 0 5 4 4
2815.6 1226.5 1.6 222 0 33.8 24.8 10.0 0.0 0 0 4 3 3
2854.9 1376.6 2.4 173 0 35.9 17.2 10.0 2.5 2 0 4 4 4
2847.1 1409.6 2.4 173 0 18.4 16.9 10.0 2.5 2 0 4 5 5
2875.3 1370.7 2.5 174 0 11.1 9.8 7.5 2.5 2 0 3 1 1
1739.9 1972.4 -0.9 24 0 29.3 20.1 10.0 2.5 2 0 4 1 1
3101.6 1511.6 3.1 192 0 30.1 14.2 7.5 2.5 4 0 3 5 5
3484.2 1070.8 1.7 112 0 68.1 23.4 7.5 2.5 2 0 3 4 4
3451.4 1127.0 2.2 201 0 17.9 46.5 7.5 2.5 2 1 3 0 0
3196.6 1184.4 1.9 112 0 38.2 26.1 12.5 0.0 0 0 5 4 4
3200.1 1242.7 1.9 202 0 49.0 38.2 10.0 0.0 0 0 4 3 3
3256.6 1047.9 2.5 202 0 17.6 24.8 7.5 2.5 2 1 3 4 4
3238.8 1085.1 2.6 110 0 10.3 23.7 5.0 2.5 2 1 2 5 5
3253.9 1072.8 2.7 110 0 10.4 23.7 2.5 2.5 2 0 1 2 2
3175.0 1283.1 2.1 22 0 17.8 12.2 2.5 2.5 2 0 1 0 0
3251.9 1295.4 2.1 200 0 31.2 22.3 10.0 0.0 0 0 4 4 4
3271.6 1350.6 2.4 200 0 31.2 22.3 7.5 0.0 0 0 3 0 0
3276.4 1465.7 3.0 197 0 48.2 23.5 10.0 2.5 2 0 4 0 0
3296.0 1640.2 3.5 180 0 17.4 12.5 7.5 2.5 4 0 3 4 4
3029.8 1931.2 2.6 202 0 19.4 27.7 10.0 2.5 2 1 4 4 4
3054.6 1735.2 2.1 233 0 26.8 18.4 10.0 2.5 2 0 4 1 1
6816.6 266.6 -4.1 183 0 12.8 18.0 7.5 2.5 2 1 3 4 4
3316.8 6524.0 -7.1 163 0 12.7 14.3 5.0 2.5 2 1 2 4 4
3181.6 6104.5 -7.5 84 0 19.7 29.0 10.0 2.5 2 1 4 1 1
3290.8 6016.2 -8.6 186 0 30.6 17.4 12.5 2.5 2 0 5 1 1
6579.0 5806.6 -10.7 188 0 29.8 22.2 12.5 0.0 0 0 5 2 2
6570.9 2481.7 -5.2 235 0 17.4 8.7 5.0 2.5 2 0 2 4 4
6523.1 2509.8 -5.8 329 0 11.5 15.3 5.0 2.5 2 1 2 3 3
6354.1 2659.8 -7.9 331 0 15.0 34.9 10.0 2.5 4 1 4 0 0
6367.3 2630.6 -7.5 240 0 34.9 15.0 7.5 2.5 2 0 3 5 5
6371.3 2680.8 -7.6 59 0 25.0 15.0 12.5 2.5 4 0 5 1 1
6426.9 2605.2 -7.1 329 0 47.4 25.0 7.5 0.0 0 0 3 5 5
6591.2 2637.0 -5.3 92 0 21.5 95.7 7.5 0.0 0 1 3 4 4
3663.0 971.4 0.7 113 0 14.2 22.9 7.5 2.5 2 1 3 3 3
3591.8 890.8 0.3 21 0 22.9 25.7 10.0 2.5 2 1 4 0 0
3201.6 1924.8 3.0 233 0 19.0 12.6 10.0 2.5 2 0 4 4 4
2488.0 2233.3 1.3 143 0 22.0 17.5 7.5 2.5 2 0 3 3 3
2572.1 2136.6 1.9 160 0 13.9 32.0 10.0 2.5 2 1 4 0 0
2602.6 2096.1 1.8 70 0 32.0 13.9 15.0 0.0 0 0 6 3 3
2559.0 2032.7 1.5 342 0 11.9 10.3 7.5 2.5 2 0 3 1 1
2562.8 2055.8 1.6 342 0 11.9 10.3 2.5 2.5 2 0 1 4 4
2716.8 2161.4 2.4 83 0 27.0 12.4 7.5 2.5 2 0 3 3 3
2745.3 2090.3 2.2 267 0 14.8 26.6 7.5 0.0 0 1 3 3 3
2800.8 2035.7 2.2 6 0 13.1 27.2 7.5 2.5 2 1 3 4 4
2830.5 2048.6 2.3 278 0 10.8 33.3 12.5 2.5 2 1 5 0 0
2841.0 1935.4 2.1 98 0 6.4 7.2 5.0 2.5 2 1 2 4 4
2920.3 2008.1 2.4 293 0 19.4 22.4 10.0 2.5 2 1 4 3 3
2870.9 2119.4 2.7 95 0 11.3 12.3 5.0 2.5 2 1 2 5 5
2675.2 1977.7 1.7 82 0 43.2 22.8 7.5 0.0 0 0 3 2 2
2559.7 1811.3 0.9 262 0 18.8 15.0 7.5 2.5 2 0 3 5 5
2966.8 2118.1 3.0 112 0 27.7 19.4 10.0 2.5 2 0 4 0 0
2952.8 2085.4 2.8 112 0 27.7 19.4 7.5 0.0 0 0 3 3 3
2007.5 2408.0 -1.0 148 0 9.0 8.4 7.5 2.5 2 0 3 2 2
1954.8 2637.2 -3.6 53 0 13.4 22.0 10.0 2.5 2 1 4 0 0
2046.6 2746.6 -4.5 143 0 22.0 13.4 7.5 2.5 2 0 3 5 5
6880.1 -1046.1 -3.7 184 0 9.7 12.6 7.5 2.5 2 1 3 1 1
6661.9 5844.3 -10.6 151 0 8.0 13.5 5.0 0.0 0 1 2 4 4
6490.1 5451.9 -7.3 278 0 10.2 11.8 2.5 2.5 2 1 1 0 0
6899.5 5545.2 -7.4 8 0 8.0 12.3 5.0 0.0 0 1 2 0 0
3136.0 1201.2 1.6 22 0 18.2 9.9 7.5 2.5 2 0 3 3 3
2073.6 1446.5 -0.9 105 0 6.3 6.0 2.5 2.5 2 0 1 2 2
2012.9 1872.8 -0.4 21 0 10.0 10.7 5.0 2.5 2 1 2 5 5
3480.3 6528.0 -6.5 162 0 14.8 17.4 10.0 2.5 2 1 4 0 0
3411.7 6511.0 -6.3 73 0 15.9 12.8 2.5 2.5 2 0 1 4 4
3262.7 6509.5 -7.8 73 0 15.4 14.5 5.0 2.5 2 0 2 0 0
3298.4 6501.3 -7.4 340 0 5.4 5.6 5.0 2.5 2 1 2 0 0
3597.8 6044.0 -5.3 5 0 14.9 20.1 10.0 2.5 4 1 4 3 3
3621.1 6012.2 -4.5 96 0 18.5 12.6 5.0 2.5 2 0 2 0 0
3325.4 6284.0 -7.7 0 0 13.1 18.6 7.5 2.5 2 1 3 2 2
3329.0 6269.9 -7.8 1 0 6.5 22.2 7.5 0.0 0 1 3 3 3
1463.1 3031.3 -0.5 324 0 9.5 9.2 5.0 2.5 2 0 2 1 1
6443.9 2560.9 -6.7 327 0 15.1 16.5 5.0 2.5 2 1 2 1 1
6505.5 -172.5 -3.7 2 0 10.9 7.0 5.0 0.0 0 0 2 5 5
6629.9 -228.0 -2.5 181 0 6.0 6.6 5.0 2.5 2 1 2 5 5
6649.2 -199.2 -2.6 91 0 6.6 6.0 5.0 2.5 2 0 2 5 5
6621.2 -191.5 -2.5 181 0 6.0 6.6 7.5 2.5 2 1 3 3 3
5970.9 5540.1 -1.1 94 0 6.8 16.7 4.0 2.5 2 1 1 2 2
3122.4 985.4 2.2 203 0 12.5 22.1 12.5 2.5 2 1 5 3 3
3318.1 1582.0 3.7 180 0 17.4 12.5 7.5 2.5 2 0 3 3 3
6084.1 62.4 -8.6 268 0 93.9 35.3 10.0 0.0 0 0 4 3 3
6083.9 14.5 -8.3 356 0 9.7 10.0 7.5 2.5 2 1 3 3 3
6099.0 12.9 -8.0 178 0 26.4 10.0 7.5 2.5 4 0 3 0 0
6416.4 859.0 -5.6 273 0 39.0 27.9 7.5 0.0 0 0 3 5 5
6570.9 669.5 -3.8 273 0 39.0 27.9 7.5 0.0 0 0 3 5 5
6563.2 608.0 -3.8 4 0 18.9 13.4 7.5 2.5 2 0 3 4 4
6792.1 4680.5 -7.1 6 0 30.6 25.6 5.0 0.0 0 0 2 1 1
2285.2 2582.4 -2.8 141 0 50.1 25.5 5.0 0.0 0 0 2 5 5
2295.2 2436.5 -1.0 140 0 11.9 10.3 5.0 2.5 2 0 2 2 2
6818.2 2500.5 -5.6 235 0 7.5 7.5 5.0 2.5 2 1 2 0 0
6763.0 -1777.4 -5.4 204 0 7.3 33.1 5.0 2.5 2 1 2 1 1
6820.5 -1808.4 -6.0 115 0 18.6 7.3 7.5 2.5 2 0 3 4 4
6865.5 -1811.5 -6.5 291 0 7.2 11.9 7.5 2.5 2 1 3 3 3
3161.5 6104.1 -6.5 84 0 8.8 11.9 7.5 2.5 2 1 3 4 4
114.0 5701.8 -7.9 280 0 9.8 14.9 7.5 2.5 2 1 3 1 1
2293.0 3783.3 -1.3 236 0 9.1 10.5 5.0 2.5 2 1 2 5 5
191.7 6051.3 -9.1 244 0 5.4 6.8 5.0 2.5 2 1 2 1 1
3445.7 6222.8 -8.2 162 0 6.2 14.7 2.5 2.5 2 1 1 0 0
3294.0 1086.0 2.7 200 0 11.1 4.9 7.5 2.5 2 0 3 0 0
6243.8 490.3 -6.9 184 0 28.6 19.7 7.5 2.5 2 0 3 2 2
6422.6 814.4 -5.3 184 0 18.9 13.4 7.5 2.5 2 0 3 3 3
3066.4 2082.2 3.1 213 0 12.1 35.2 7.5 2.5 2 1 3 5 5
3324.8 1721.2 3.4 154 0 18.5 17.3 10.0 2.5 2 0 4 5 5
3267.8 1792.2 2.9 244 0 17.3 18.5 12.5 2.5 4 1 5 4 4
3205.9 1361.8 2.5 22 0 17.8 12.2 2.5 2.5 2 0 1 3 3
3288.4 1178.2 2.4 20 0 32.4 33.7 7.5 0.0 0 1 3 4 4
3527.3 6027.1 -6.1 275 0 6.4 7.4 7.5 0.0 0 1 3 3 3
3310.1 6069.1 -8.2 95 0 7.0 4.5 7.5 2.5 2 0 3 1 1
3568.4 6333.5 -6.9 183 0 4.7 8.9 2.5 2.5 2 1 1 1 1
6567.4 625.6 -3.8 3 0 11.7 20.1 7.5 2.5 2 1 3 3 3
6228.0 -25.2 -6.7 81 0 5.2 9.6 7.5 2.5 4 1 3 2 2
6210.3 118.0 -7.0 80 0 4.9 7.9 2.5 2.5 4 1 1 1 1
6857.7 -1780.5 -6.2 293 0 4.1 18.7 5.0 2.5 2 1 2 2 2
6846.5 -1773.7 -6.1 296 0 4.1 18.7 5.0 0.0 0 1 2 1 1
6762.2 -1833.4 -5.7 115 0 46.8 10.8 10.0 2.5 4 0 4 5 5
6768.0 -1820.3 -5.6 115 0 46.8 10.8 5.0 2.5 2 0 2 0 0
6755.4 -1791.8 -5.5 205 0 10.8 46.8 12.5 2.5 2 1 5 0 0
6825.0 -1829.3 -6.3 115 0 46.8 10.8 12.5 0.0 0 0 5 5 5
6818.7 -1842.9 -6.3 115 0 46.8 10.8 10.0 2.5 2 0 4 3 3
6812.9 -1856.0 -6.2 115 0 46.8 10.8 7.5 2.5 2 0 3 4 4
6899.5 -1848.0 -7.0 25 0 10.8 46.8 7.5 2.5 2 1 3 0 0
6893.2 -1861.6 -6.9 25 0 10.8 46.8 7.5 2.5 2 1 3 1 1
6863.9 -1869.7 -6.9 115 0 46.8 10.8 7.5 2.5 2 0 3 1 1
2391.3 3771.7 -1.8 145 0 12.4 8.2 7.5 0.0 0 0 3 0 0
6087.3 4450.9 -5.7 344 0 46.4 37.3 10.0 0.0 0 0 4 0 0
6254.6 4305.5 -7.5 168 0 14.8 11.5 5.0 2.5 2 0 2 4 4
6866.3 5608.2 -7.5 185 0 6.2 7.1 7.5 0.0 0 1 3 0 0
6871.7 5631.6 -7.5 275 0 7.1 6.2 7.5 2.5 2 0 3 3 3
-1807.6 3933.0 -1.8 283 0 10.9 7.7 5.0 2.5 2 0 2 4 4
-1945.1 4066.8 -2.6 272 0 6.2 5.1 7.5 2.5 2 0 3 5 5
-1919.8 4070.1 -2.5 282 0 7.5 5.6 7.5 2.5 2 0 3 5 5
-1920.7 4052.8 -2.4 278 0 8.8 6.1 5.0 2.5 2 0 2 0 0
-1978.3 4066.5 -2.8 186 0 5.3 6.6 7.5 2.5 2 1 3 1 1
-1953.0 3959.3 -2.0 88 0 8.6 8.7 7.5 2.5 2 1 3 5 5
-1856.6 4027.7 -2.1 0 0 4.5 7.4 5.0 2.5 4 1 2 0 0
-1855.2 3977.2 -1.9 269 0 4.9 6.4 5.0 2.5 2 1 2 3 3
-1879.9 3988.7 -1.9 0 0 4.9 6.5 7.5 2.5 2 1 3 3 3
-1882.4 3888.8 -1.6 179 0 4.0 7.5 7.5 2.5 2 0 3 1 1
-1799.1 3911.9 -1.7 281 0 7.0 5.2 2.5 2.5 2 0 1 4 4
-1768.7 3829.2 -1.5 71 0 5.2 7.6 5.0 2.5 2 1 2 1 1
-1797.5 3823.3 -1.5 75 0 5.7 5.5 7.5 2.5 2 0 3 0 0
-1811.2 3767.9 -1.3 75 0 7.8 7.3 2.5 2.5 2 0 1 1 1
-1774.2 3855.4 -1.6 101 0 6.2 8.0 7.5 2.5 2 1 3 4 4
-1737.1 3892.4 -1.7 281 0 7.4 10.1 7.5 2.5 2 1 3 2 2
-1720.2 3884.6 -1.7 270 0 6.3 6.7 5.0 2.5 2 1 2 1 1
-1707.6 3913.7 -1.8 278 0 7.4 10.5 5.0 2.5 2 1 2 5 5
-1708.0 3846.2 -1.7 83 0 7.1 9.1 7.5 2.5 4 1 3 4 4
-1697.1 3899.2 -1.8 261 0 8.8 8.5 7.5 2.5 2 0 3 2 2
-1690.6 3887.2 -1.8 351 0 8.8 8.8 2.5 2.5 2 0 1 4 4
-1650.6 3887.5 -2.0 90 0 7.2 11.0 2.5 2.5 2 1 1 4 4
-1657.6 3721.1 -2.1 270 0 6.9 11.9 7.5 2.5 2 1 3 5 5
-1615.2 3765.3 -2.1 356 0 7.8 5.6 2.5 2.5 2 0 1 2 2
-1641.4 3795.9 -1.9 177 0 9.9 5.0 5.0 2.5 2 0 2 1 1
-1651.2 3795.5 -1.9 177 0 9.9 9.9 2.5 2.5 2 0 1 2 2
-1629.7 3926.3 -2.1 273 0 8.8 6.8 5.0 2.5 2 0 2 1 1
-1647.0 3919.4 -2.1 189 0 9.5 8.1 2.5 2.5 2 0 1 5 5
-1562.9 3883.7 -2.2 266 0 6.6 6.9 5.0 2.5 2 1 2 4 4
-1525.6 3908.6 -2.4 246 0 7.1 7.5 2.5 2.5 2 1 1 1 1
-1494.4 3714.4 -2.6 0 0 5.8 5.5 5.0 2.5 2 0 2 3 3
-1491.7 3731.9 -2.6 0 0 7.0 6.2 7.5 2.5 2 0 3 2 2
-1524.9 3724.2 -2.5 180 0 5.7 8.8 5.0 2.5 2 1 2 2 2
-909.3 5134.3 -3.5 357 0 5.2 6.2 5.0 2.5 2 1 2 0 0
-851.7 5081.4 -2.1 184 0 7.4 4.4 5.0 2.5 2 0 2 4 4
-860.9 5065.1 -2.5 185 0 7.7 4.1 7.5 2.5 2 0 3 4 4
-834.6 5037.1 -2.0 97 0 4.6 7.6 7.5 2.5 2 0 3 5 5
-819.1 5058.8 -1.8 9 0 7.2 8.6 5.0 2.5 2 1 2 1 1
-847.1 5101.4 -1.7 181 0 7.4 4.8 2.5 2.5 2 0 1 5 5
-836.1 5116.5 -1.1 182 0 6.8 5.4 7.5 2.5 2 0 3 5 5
-819.4 5155.4 -0.7 1 0 7.5 4.6 5.0 2.5 2 0 2 3 3
-836.2 5156.1 -0.7 181 0 5.9 6.2 7.5 2.5 4 1 3 4 4
-835.3 5178.7 -0.4 181 0 7.5 4.4 7.5 2.5 2 0 3 3 3
-897.0 5208.0 -2.3 357 0 5.2 7.3 2.5 2.5 2 1 1 0 0
-874.0 5212.9 -1.5 358 0 12.5 6.7 5.0 2.5 2 0 2 2 2
-897.9 5188.6 -2.6 357 0 8.5 7.1 5.0 2.5 2 0 2 5 5
-886.2 5190.6 -2.2 359 0 11.4 6.8 5.0 2.5 2 0 2 5 5
-874.1 5152.5 -2.2 0 0 7.8 6.2 5.0 2.5 2 0 2 3 3
-875.4 5173.0 -2.0 359 0 7.7 7.2 2.5 2.5 2 0 1 4 4
-875.1 5098.2 -2.8 0 0 4.9 7.2 7.5 2.5 2 1 3 2 2
-898.3 5099.7 -3.5 359 0 8.1 5.1 5.0 2.5 2 0 2 5 5
-904.4 5099.6 -3.8 358 0 7.6 6.3 2.5 2.5 2 0 1 3 3
-920.5 5078.2 -4.3 181 0 8.6 6.8 7.5 2.5 2 0 3 3 3
-1647.0 3720.4 -2.1 183 0 4.6 7.4 5.0 2.5 2 1 2 1 1
-4866.7 3996.1 -2.6 356 0 10.6 6.8 2.5 2.5 4 0 1 2 2
