3474.3 5920.3 -3.3 278 0 16.9 26.7 5.0 2.5 2 1 2 5 5
3507.7 5902.5 -3.4 276 0 44.1 138.2 10.0 0.0 0 1 4 3 3
3561.1 6068.6 -4.2 177 0 26.4 43.4 5.0 0.0 0 1 2 1 1
3561.4 6117.8 -4.4 177 0 59.0 41.9 10.0 0.0 0 0 4 2 2
2596.4 5334.9 -1.3 103 0 24.8 59.5 10.0 2.5 2 1 4 1 1
2096.2 5219.9 -4.0 272 0 18.1 59.7 7.5 2.5 2 1 3 1 1
2258.7 5094.3 -3.6 275 0 13.6 20.3 10.0 2.5 2 1 4 5 5
2338.0 5097.4 -3.7 275 0 19.6 28.6 12.5 2.5 2 1 5 4 4
2309.5 5093.7 -3.7 274 0 13.6 22.6 7.5 0.0 0 1 3 4 4
2283.0 5100.7 -3.7 276 0 17.7 27.6 5.0 2.5 2 1 2 2 2
2282.7 5178.6 -3.5 269 0 39.8 30.5 12.5 0.0 0 0 5 5 5
2390.4 5254.0 -3.3 270 0 64.1 21.8 10.0 2.5 2 0 4 4 4
2449.1 5197.3 -3.4 6 0 29.9 106.8 12.5 0.0 0 1 5 3 3
2357.4 5587.9 -3.1 283 0 72.3 159.2 15.0 0.0 0 1 6 4 4
2447.9 5607.1 -2.9 282 0 37.7 80.4 7.5 0.0 0 1 3 3 3
2394.4 5344.8 -3.2 103 0 22.8 167.5 7.5 0.0 0 1 3 2 2
2439.0 5327.9 -3.2 103 0 43.0 66.5 10.0 0.0 0 1 4 1 1
