4244.6 -2354.2 -1.4 112 0 92.5 29.3 7.5 0.0 0 0 3 1 1
2922.1 -1453.2 3.1 194 0 48.7 36.4 14.0 0.0 0 0 4 0 0
3766.4 -1744.4 1.8 96 0 10.5 21.2 17.5 0.0 0 1 5 3 3
3780.9 -1752.9 1.7 99 0 7.8 12.3 10.5 3.5 2 1 3 0 0
6835.2 -6769.6 -7.9 96 0 10.9 7.8 10.5 3.5 2 0 3 0 0
6587.6 -6535.3 -5.9 285 0 7.4 12.6 10.5 3.5 2 1 3 0 0
6680.5 -6679.0 -6.0 97 0 4.3 7.3 10.5 3.5 2 1 3 1 1
6608.9 -6654.2 -5.3 277 0 6.6 10.2 10.5 3.5 2 1 3 0 0
6870.6 -6747.0 -8.1 89 0 5.5 15.3 10.5 3.5 2 1 3 5 5
6688.4 -6707.1 -6.2 99 0 5.9 12.5 10.5 3.5 2 1 3 5 5
6842.5 -6684.0 -7.3 95 0 8.7 9.4 10.5 3.5 2 1 3 4 4
6687.4 -6640.1 -5.9 186 0 10.7 16.9 17.5 3.5 4 1 5 2 2
6725.3 -6684.9 -6.4 96 0 5.0 10.6 10.5 3.5 2 1 3 3 3
6879.9 -6712.5 -7.8 359 0 11.4 6.7 10.5 3.5 2 0 3 5 5
6562.5 -6534.4 -5.9 278 0 6.4 10.9 10.5 0.0 0 1 3 3 3
6710.0 -6702.5 -6.4 9 0 16.7 7.5 10.5 3.5 2 0 3 5 5
6623.5 -6660.5 -5.4 7 0 10.5 10.2 17.5 3.5 2 0 5 1 1
6864.1 -6747.4 -8.0 88 0 4.2 10.6 10.5 3.5 2 1 3 1 1
6572.1 -6587.9 -5.1 281 0 9.2 13.9 10.5 3.5 2 1 3 1 1
6619.9 -6604.0 -5.2 8 0 12.3 10.8 17.5 3.5 2 0 5 5 5
6582.6 -6580.1 -5.2 11 0 12.0 6.2 10.5 3.5 2 0 3 2 2
6811.9 -6652.3 -6.9 276 0 9.0 5.3 10.5 3.5 4 0 3 4 4
6571.0 -6536.6 -5.9 282 0 6.3 11.1 10.5 3.5 2 1 3 3 3
6642.5 -6709.5 -5.9 277 0 7.9 14.3 10.5 3.5 2 1 3 3 3
6636.0 -6642.7 -5.5 189 0 9.7 12.0 10.5 3.5 2 1 3 1 1
6825.3 -6663.9 -7.1 280 0 9.7 6.1 10.5 3.5 4 0 3 1 1
6849.9 -6669.8 -7.3 5 0 9.4 9.8 10.5 0.0 0 1 3 4 4
6696.5 -6649.0 -6.0 275 0 7.9 13.3 10.5 3.5 2 1 3 5 5
6599.3 -6710.7 -5.6 273 0 5.8 16.6 10.5 3.5 2 1 3 0 0
6591.7 -6625.8 -5.0 97 0 5.1 15.2 10.5 3.5 2 1 3 4 4
6633.1 -6703.5 -5.8 277 0 8.7 11.0 10.5 3.5 2 1 3 1 1
6855.2 -6707.1 -7.6 272 0 5.9 8.7 10.5 3.5 4 1 3 5 5
6833.3 -6679.8 -7.2 99 0 8.2 16.6 10.5 3.5 2 1 3 3 3
6777.7 -6737.6 -7.2 93 0 8.9 14.2 10.5 3.5 2 1 3 4 4
6566.2 -6646.2 -5.0 278 0 9.1 16.4 10.5 3.5 2 1 3 0 0
6645.5 -6629.2 -5.4 278 0 8.2 8.5 10.5 0.0 0 1 3 5 5
6796.8 -6678.2 -6.9 100 0 9.8 4.8 10.5 3.5 2 0 3 2 2
6585.5 -6587.2 -5.1 279 0 13.9 16.4 17.5 3.5 2 1 5 2 2
6573.9 -6767.0 -5.8 94 0 8.6 7.5 10.5 3.5 2 0 3 3 3
6800.5 -6655.0 -6.8 278 0 10.5 9.5 10.5 3.5 2 0 3 0 0
6612.5 -6754.4 -6.0 3 0 12.0 9.1 10.5 3.5 4 0 3 4 4
6776.2 -6711.0 -7.0 275 0 10.4 10.4 14.0 3.5 2 1 4 1 1
6570.4 -6706.5 -5.4 277 0 9.7 14.8 10.5 3.5 2 1 3 1 1
6798.0 -6672.6 -6.9 101 0 10.6 5.3 10.5 0.0 0 0 3 0 0
6589.3 -6737.8 -5.6 95 0 8.0 10.6 10.5 0.0 0 1 3 4 4
6618.3 -6707.4 -5.7 96 0 8.0 11.3 10.5 3.5 2 1 3 0 0
6626.9 -6626.2 -5.2 8 0 13.4 8.4 10.5 3.5 2 0 3 4 4
6576.3 -6623.2 -5.0 100 0 10.5 13.2 17.5 3.5 2 1 5 2 2
6641.5 -6698.1 -5.8 94 0 9.8 6.7 10.5 3.5 2 0 3 4 4
6558.5 -6704.0 -5.3 276 0 9.2 13.8 10.5 3.5 2 1 3 4 4
6572.3 -6739.1 -5.5 95 0 6.8 15.8 10.5 3.5 4 1 3 1 1
6585.6 -6624.2 -5.0 97 0 5.9 14.6 10.5 3.5 2 1 3 3 3
6595.9 -6644.6 -5.1 101 0 9.7 16.8 10.5 3.5 2 1 3 5 5
6704.4 -6592.8 -5.6 230 0 8.8 10.8 10.5 3.5 2 1 3 5 5
6789.2 -6708.7 -7.1 275 0 7.8 15.1 10.5 3.5 2 1 3 1 1
6584.6 -6748.7 -5.8 277 0 7.6 11.2 10.5 3.5 4 1 3 2 2
6772.5 -6701.3 -6.8 95 0 7.0 11.5 10.5 3.5 2 1 3 0 0
6799.5 -6742.0 -7.4 97 0 5.0 16.2 10.5 3.5 2 1 3 1 1
6625.2 -6610.9 -5.2 97 0 9.4 14.9 10.5 3.5 2 1 3 0 0
6584.1 -6637.6 -5.0 100 0 7.4 11.6 10.5 3.5 2 1 3 1 1
6617.0 -6623.1 -5.2 9 0 14.7 4.6 10.5 3.5 2 0 3 5 5
6605.1 -6676.2 -5.4 10 0 8.8 19.0 10.5 0.0 0 1 3 3 3
6621.6 -6756.4 -6.1 5 0 11.8 8.6 10.5 3.5 2 0 3 3 3
6680.7 -6631.8 -5.7 278 0 13.0 12.6 17.5 3.5 2 0 5 1 1
6811.6 -6760.8 -7.6 5 0 7.7 9.0 10.5 3.5 2 1 3 1 1
6746.3 -6757.5 -7.1 11 0 19.4 6.8 10.5 3.5 2 0 3 5 5
6671.0 -6678.5 -6.0 97 0 12.7 14.9 17.5 3.5 2 1 5 0 0
6720.4 -6606.3 -5.7 319 0 4.3 14.9 10.5 0.0 0 1 3 0 0
6796.4 -6747.1 -7.5 275 0 6.8 13.8 10.5 3.5 2 1 3 5 5
6661.1 -6538.1 -5.7 286 0 10.8 10.3 17.5 3.5 2 0 5 2 2
6717.2 -6601.8 -5.7 318 0 4.6 9.4 10.5 3.5 2 1 3 2 2
6869.1 -6758.7 -8.1 273 0 6.7 11.5 10.5 3.5 2 1 3 1 1
6736.0 -6744.3 -7.0 282 0 10.3 20.8 17.5 3.5 2 1 5 3 3
6683.6 -6558.5 -5.5 321 0 5.4 12.8 10.5 3.5 2 1 3 2 2
6758.0 -6706.3 -6.8 276 0 7.8 15.7 10.5 3.5 4 1 3 2 2
6794.7 -6586.1 -6.2 276 0 9.4 9.5 10.5 3.5 2 1 3 4 4
6661.4 -6710.4 -6.1 278 0 7.1 10.6 10.5 3.5 2 1 3 3 3
6786.1 -6745.6 -7.4 275 0 7.0 14.1 10.5 3.5 2 1 3 0 0
6716.9 -6637.8 -6.1 278 0 17.9 11.1 17.5 3.5 2 0 5 0 0
6715.7 -6668.2 -6.2 96 0 4.7 10.2 10.5 3.5 4 1 3 5 5
6596.8 -6589.3 -5.1 281 0 6.5 14.7 10.5 3.5 2 1 3 0 0
6819.4 -6754.0 -7.7 188 0 8.6 5.6 10.5 3.5 2 0 3 4 4
6738.5 -6706.6 -6.7 276 0 5.9 14.9 10.5 3.5 4 1 3 1 1
6701.4 -6756.3 -6.7 18 0 13.3 13.3 14.0 0.0 0 1 4 1 1
6592.9 -6557.9 -5.6 8 0 10.3 7.4 10.5 0.0 0 0 3 0 0
6703.0 -6684.3 -6.2 99 0 12.0 13.2 17.5 3.5 2 1 5 3 3
6837.6 -6750.8 -7.8 276 0 11.3 10.3 17.5 0.0 0 0 5 4 4
6731.4 -6684.9 -6.4 97 0 4.9 9.6 10.5 3.5 2 1 3 0 0
6860.3 -6754.5 -8.0 277 0 8.7 17.2 10.5 3.5 2 1 3 0 0
6721.5 -6668.0 -6.3 96 0 4.5 8.3 10.5 3.5 2 1 3 1 1
6735.5 -6321.2 -4.5 271 0 9.4 16.7 10.5 3.5 2 1 3 5 5
6672.9 -6356.7 -5.6 275 0 4.5 18.8 10.5 3.5 2 1 3 3 3
6712.5 -6380.8 -5.8 276 0 7.4 12.2 10.5 3.5 2 1 3 4 4
6718.1 -6404.0 -5.9 94 0 17.5 4.6 10.5 3.5 2 0 3 4 4
6683.9 -6377.1 -5.7 277 0 6.1 13.0 10.5 3.5 2 1 3 2 2
6637.3 -6237.8 -5.1 274 0 10.5 16.7 17.5 3.5 2 1 5 3 3
6611.2 -6226.1 -5.1 97 0 7.0 14.2 10.5 3.5 2 1 3 1 1
6758.2 -6620.0 -6.2 146 0 6.2 7.6 10.5 3.5 2 1 3 5 5
6563.8 -6348.4 -4.4 185 0 12.3 17.3 14.0 3.5 4 1 4 5 5
6735.5 -6398.6 -6.0 96 0 17.0 5.4 10.5 3.5 2 0 3 2 2
6813.0 -6345.5 -5.1 1 0 8.7 12.7 10.5 3.5 2 1 3 1 1
6744.4 -6601.6 -5.9 145 0 11.5 17.1 14.0 3.5 2 1 4 0 0
6813.4 -6589.2 -6.4 275 0 5.0 16.0 10.5 3.5 2 1 3 2 2
6642.3 -6309.0 -4.5 92 0 7.3 15.2 10.5 3.5 2 1 3 1 1
6732.5 -6571.2 -5.7 234 0 18.8 13.1 14.0 3.5 2 0 4 0 0
6715.0 -6424.5 -6.3 93 0 12.3 18.8 17.5 3.5 2 1 5 1 1
6556.0 -6261.5 -4.8 182 0 6.0 15.4 10.5 3.5 2 1 3 5 5
6772.0 -6412.4 -6.7 79 0 10.1 7.0 10.5 3.5 4 0 3 3 3
6771.5 -6403.0 -6.4 95 0 10.9 10.3 17.5 3.5 2 0 5 1 1
6798.6 -6375.1 -6.1 3 0 7.7 6.2 10.5 3.5 2 0 3 3 3
6567.5 -6231.7 -4.8 272 0 7.6 10.4 10.5 3.5 2 1 3 1 1
6606.2 -6366.6 -5.2 184 0 5.4 19.3 10.5 3.5 2 1 3 0 0
6605.8 -6373.3 -5.4 184 0 5.1 19.5 10.5 3.5 2 1 3 3 3
6678.3 -6195.2 -5.3 273 0 9.3 10.0 10.5 3.5 2 1 3 4 4
6792.9 -6404.9 -6.8 90 0 5.7 14.9 10.5 3.5 2 1 3 3 3
6753.9 -6257.6 -5.4 349 0 8.1 10.7 10.5 3.5 2 1 3 0 0
6614.6 -6336.3 -4.2 183 0 6.0 7.9 10.5 0.0 0 1 3 3 3
6648.3 -6245.1 -5.2 268 0 9.6 8.1 10.5 3.5 2 0 3 1 1
6755.6 -6437.0 -7.1 267 0 11.1 4.7 10.5 3.5 2 0 3 1 1
6850.0 -6556.9 -6.3 355 0 6.9 11.1 10.5 0.0 0 1 3 4 4
6735.7 -6307.4 -4.7 90 0 7.0 13.8 10.5 3.5 2 1 3 3 3
6754.0 -6425.8 -7.1 264 0 10.2 10.0 14.0 3.5 2 0 4 1 1
6563.3 -6370.9 -5.3 186 0 11.8 17.5 14.0 3.5 2 1 4 3 3
6600.9 -6312.5 -4.2 5 0 10.2 13.4 14.0 3.5 2 1 4 2 2
6779.1 -6390.2 -6.1 85 0 15.6 3.9 10.5 3.5 2 0 3 1 1
6756.1 -6275.4 -5.1 353 0 8.1 10.5 10.5 3.5 2 1 3 3 3
6599.7 -6373.2 -5.4 8 0 10.8 16.1 14.0 3.5 2 1 4 5 5
6761.0 -6477.2 -6.9 171 0 13.7 8.0 10.5 0.0 0 0 3 1 1
6737.8 -6256.9 -5.3 259 0 5.6 6.8 10.5 0.0 0 1 3 5 5
6663.6 -6200.2 -5.3 273 0 14.6 8.7 10.5 3.5 2 0 3 2 2
6738.8 -6264.7 -5.2 261 0 5.8 8.6 10.5 3.5 2 1 3 2 2
6756.0 -6266.0 -5.2 349 0 7.0 11.0 10.5 3.5 2 1 3 1 1
6687.2 -6316.1 -4.2 271 0 11.1 13.2 17.5 3.5 2 1 5 2 2
6833.2 -6527.9 -6.0 353 0 11.7 4.1 10.5 3.5 2 0 3 1 1
6627.6 -6392.1 -5.5 5 0 12.0 4.4 10.5 3.5 2 0 3 0 0
6689.3 -6349.8 -4.7 99 0 7.3 12.2 10.5 3.5 2 1 3 5 5
6790.4 -6547.6 -5.9 233 0 18.8 8.1 10.5 3.5 2 0 3 4 4
6834.7 -6538.0 -6.0 353 0 6.6 5.1 10.5 3.5 2 0 3 0 0
6698.0 -6352.1 -4.7 98 0 6.4 16.7 10.5 3.5 4 1 3 2 2
6715.8 -6352.4 -4.8 97 0 10.4 12.6 17.5 0.0 0 1 5 1 1
6789.5 -6575.2 -6.0 98 0 4.2 15.9 10.5 3.5 2 1 3 0 0
6680.7 -6351.3 -4.7 95 0 7.6 15.9 10.5 3.5 2 1 3 3 3
6649.0 -6194.0 -5.2 276 0 7.6 19.9 10.5 3.5 2 1 3 3 3
6718.0 -6108.8 -4.5 349 0 8.1 12.3 10.5 3.5 2 1 3 3 3
6614.1 -6149.7 -4.8 274 0 8.3 16.5 10.5 0.0 0 1 3 1 1
6603.0 -6182.8 -4.9 93 0 7.5 16.3 10.5 3.5 2 1 3 2 2
6557.4 -6092.2 -4.1 176 0 8.6 11.3 10.5 3.5 2 1 3 1 1
6586.3 -6147.5 -4.7 272 0 6.9 14.5 10.5 3.5 2 1 3 2 2
6637.4 -6121.7 -4.4 181 0 7.0 17.1 10.5 3.5 4 1 3 4 4
6669.1 -6086.1 -4.3 184 0 12.0 7.0 10.5 3.5 2 0 3 1 1
6601.9 -6279.0 -4.7 99 0 7.2 9.3 10.5 0.0 0 1 3 5 5
6657.4 -6111.4 -4.4 181 0 9.7 5.8 10.5 3.5 4 0 3 4 4
6576.3 -5983.7 -4.5 175 0 12.4 8.9 10.5 3.5 2 0 3 1 1
6652.3 -6090.1 -4.3 180 0 15.8 5.1 10.5 3.5 2 0 3 4 4
6613.4 -6057.0 -4.4 85 0 8.3 8.5 10.5 3.5 2 1 3 4 4
6640.6 -6534.2 -5.9 279 0 9.4 8.9 10.5 3.5 2 0 3 1 1
6738.0 -6174.7 -5.2 345 0 5.6 9.5 10.5 3.5 2 1 3 0 0
6609.3 -6001.1 -4.5 269 0 12.1 19.3 17.5 3.5 2 1 5 3 3
6658.7 -6491.0 -6.7 143 0 9.3 14.6 10.5 3.5 4 1 3 4 4
6626.8 -6176.6 -4.9 3 0 19.6 9.5 10.5 3.5 2 0 3 3 3
6688.2 -5867.9 -6.4 172 0 18.8 34.0 17.5 0.0 0 1 5 1 1
6726.0 -6180.8 -5.1 75 0 5.1 10.4 10.5 3.5 2 1 3 4 4
6719.2 -5813.5 -7.4 269 0 4.1 8.0 10.5 3.5 2 1 3 3 3
6689.9 -5828.4 -6.9 177 0 6.3 13.1 10.5 3.5 2 1 3 3 3
6635.1 -6139.2 -4.6 179 0 8.1 19.9 10.5 3.5 2 1 3 2 2
6725.2 -5860.9 -6.6 170 0 21.2 7.0 10.5 3.5 2 0 3 0 0
6640.4 -6090.7 -4.3 184 0 13.2 10.7 17.5 0.0 0 0 5 5 5
6623.7 -6064.3 -4.2 272 0 16.3 9.6 10.5 0.0 0 0 3 3 3
6708.8 -6290.1 -4.8 178 0 9.3 4.8 10.5 3.5 2 0 3 5 5
6584.4 -6116.7 -4.3 3 0 14.1 14.7 17.5 3.5 2 1 5 1 1
6704.6 -6153.4 -4.9 342 0 8.9 7.3 10.5 3.5 2 0 3 1 1
6595.8 -6082.8 -4.1 182 0 7.4 17.6 10.5 3.5 2 1 3 2 2
6587.1 -6095.7 -4.2 359 0 7.9 12.2 10.5 3.5 2 1 3 3 3
6712.7 -6152.7 -5.0 338 0 19.6 5.6 10.5 3.5 2 0 3 4 4
6653.4 -6326.5 -4.3 184 0 20.9 12.9 17.5 3.5 2 0 5 1 1
6634.6 -6563.4 -5.4 102 0 8.6 10.2 10.5 3.5 4 1 3 4 4
6643.9 -6353.2 -4.6 6 0 4.8 7.1 10.5 3.5 2 1 3 1 1
6626.9 -6486.5 -6.5 319 0 10.8 18.1 17.5 3.5 2 1 5 4 4
6631.4 -5987.8 -4.7 89 0 5.4 11.3 10.5 3.5 2 1 3 0 0
6773.8 -6154.7 -5.1 262 0 10.0 6.9 10.5 3.5 2 0 3 3 3
6568.2 -6470.4 -5.7 141 0 6.0 16.8 10.5 0.0 0 1 3 0 0
6647.4 -5981.3 -4.7 174 0 11.7 19.4 17.5 3.5 2 1 5 0 0
6767.3 -6292.9 -4.9 171 0 11.3 18.7 17.5 3.5 2 1 5 3 3
6788.4 -6242.8 -5.8 78 0 11.1 8.1 10.5 3.5 2 0 3 5 5
6688.0 -5967.4 -4.8 346 0 5.6 15.6 10.5 3.5 2 1 3 4 4
6649.5 -5921.9 -4.9 181 0 10.8 9.9 10.5 3.5 4 0 3 0 0
6587.2 -5912.2 -4.7 274 0 10.8 18.6 17.5 3.5 2 1 5 3 3
6716.1 -5990.3 -4.8 264 0 16.1 10.0 10.5 3.5 2 0 3 4 4
6632.9 -6498.0 -6.5 320 0 10.3 18.8 17.5 3.5 2 1 5 3 3
6605.8 -6267.8 -5.0 95 0 9.3 15.7 10.5 3.5 2 1 3 3 3
6554.0 -6188.3 -4.9 261 0 5.2 13.5 10.5 3.5 2 1 3 5 5
6647.0 -5967.1 -4.7 174 0 11.4 19.0 17.5 3.5 2 1 5 0 0
6690.2 -6040.4 -4.6 357 0 15.3 9.2 10.5 3.5 2 0 3 3 3
6759.7 -6260.1 -5.4 167 0 11.9 8.2 10.5 3.5 4 0 3 3 3
6698.6 -6015.0 -4.7 347 0 12.4 12.0 17.5 3.5 2 0 5 1 1
6642.6 -6047.3 -4.5 178 0 11.1 12.6 17.5 3.5 2 1 5 0 0
6644.3 -6031.9 -4.6 168 0 7.8 16.3 10.5 3.5 2 1 3 4 4
6688.4 -6056.2 -4.4 352 0 5.2 9.2 10.5 3.5 2 1 3 0 0
6595.2 -6148.7 -4.7 272 0 7.1 9.2 10.5 3.5 2 1 3 5 5
6664.1 -6111.8 -4.4 181 0 8.5 8.1 10.5 3.5 2 0 3 5 5
6612.4 -6180.9 -4.9 93 0 7.5 12.1 10.5 0.0 0 1 3 3 3
6641.0 -6075.1 -4.2 173 0 5.7 12.9 10.5 0.0 0 1 3 1 1
6683.0 -6456.2 -6.8 145 0 8.4 15.9 10.5 3.5 2 1 3 1 1
6699.3 -6091.7 -4.4 352 0 7.5 15.7 10.5 3.5 2 1 3 2 2
6684.0 -6468.3 -6.8 322 0 5.8 18.1 10.5 3.5 2 1 3 2 2
6703.4 -6041.0 -4.6 346 0 8.4 9.7 10.5 3.5 2 1 3 1 1
6683.0 -6520.6 -6.2 143 0 7.7 11.7 10.5 3.5 2 1 3 5 5
6698.1 -6538.6 -5.9 143 0 12.3 16.2 14.0 3.5 2 1 4 0 0
6723.5 -6555.8 -5.7 47 0 17.4 9.1 10.5 3.5 4 0 3 0 0
6680.8 -6462.4 -6.8 321 0 5.8 19.1 10.5 3.5 2 1 3 3 3
6562.5 -6040.3 -4.4 181 0 11.9 12.0 17.5 3.5 4 1 5 5 5
6628.2 -6155.0 -4.8 3 0 11.0 9.3 10.5 3.5 2 0 3 2 2
6611.9 -5914.6 -4.8 273 0 8.8 18.2 10.5 3.5 4 1 3 1 1
6677.9 -5814.9 -7.2 182 0 8.8 12.4 10.5 3.5 2 1 3 5 5
6641.3 -6507.1 -6.4 322 0 10.1 17.9 17.5 3.5 2 1 5 3 3
6697.8 -6289.9 -4.8 182 0 8.9 10.1 10.5 3.5 2 1 3 4 4
6634.4 -6009.6 -4.6 4 0 13.2 16.9 17.5 3.5 2 1 5 5 5
6728.2 -6251.3 -5.6 79 0 7.9 14.5 10.5 3.5 2 1 3 4 4
6548.4 -6441.8 -5.4 145 0 8.4 10.4 10.5 3.5 4 1 3 0 0
6698.6 -6230.0 -5.5 190 0 11.7 15.1 17.5 3.5 2 1 5 3 3
6589.1 -5955.5 -4.6 271 0 29.4 10.5 14.0 3.5 2 0 4 3 3
6760.6 -6096.7 -4.5 342 0 6.2 13.7 10.5 3.5 2 1 3 1 1
6671.4 -6450.6 -6.7 323 0 12.3 10.3 14.0 3.5 2 0 4 5 5
6751.5 -6024.6 -4.8 348 0 5.2 12.7 10.5 3.5 2 1 3 3 3
6707.1 -6186.6 -5.2 71 0 6.5 14.2 10.5 3.5 2 1 3 1 1
6583.5 -6432.3 -5.5 323 0 12.0 15.6 17.5 3.5 2 1 5 2 2
6732.9 -6157.4 -5.0 342 0 6.8 8.7 10.5 3.5 2 1 3 5 5
6599.8 -5916.7 -4.7 274 0 11.5 9.7 10.5 3.5 2 0 3 3 3
6775.3 -6243.2 -5.7 81 0 10.5 13.9 17.5 3.5 2 1 5 5 5
6604.8 -6571.5 -5.4 100 0 7.6 14.6 10.5 3.5 2 1 3 5 5
6704.0 -5833.9 -7.0 178 0 18.7 15.1 17.5 3.5 2 0 5 0 0
6603.2 -6515.7 -6.3 161 0 7.2 13.1 10.5 3.5 2 1 3 5 5
6604.0 -6552.0 -5.6 193 0 7.1 17.2 10.5 0.0 0 1 3 0 0
6710.4 -6307.5 -4.6 90 0 6.2 10.2 10.5 3.5 2 1 3 3 3
6619.4 -5957.3 -4.7 275 0 8.9 17.3 10.5 3.5 2 1 3 5 5
6767.9 -6170.4 -5.2 80 0 7.5 6.5 10.5 3.5 2 0 3 2 2
6587.3 -6104.3 -4.3 1 0 6.8 16.1 10.5 3.5 4 1 3 4 4
6563.2 -6461.6 -5.6 146 0 10.0 15.5 17.5 3.5 2 1 5 0 0
6769.1 -6115.4 -4.7 349 0 27.0 8.7 10.5 3.5 2 0 3 2 2
6696.8 -6239.3 -5.5 191 0 4.2 14.2 10.5 3.5 2 1 3 3 3
6751.8 -6031.2 -4.8 343 0 3.5 8.8 10.5 3.5 2 1 3 2 2
6702.0 -6128.5 -4.6 349 0 8.5 17.9 10.5 3.5 2 1 3 5 5
6745.7 -6058.5 -4.4 350 0 6.0 5.3 10.5 3.5 4 0 3 4 4
6658.6 -5951.3 -4.8 180 0 9.0 8.4 10.5 3.5 2 0 3 4 4
6644.0 -6358.8 -4.9 3 0 4.8 7.6 10.5 3.5 2 1 3 4 4
6645.9 -6333.7 -4.3 2 0 7.2 8.6 10.5 0.0 0 1 3 1 1
6667.1 -5996.3 -4.7 268 0 7.3 8.4 10.5 3.5 2 1 3 5 5
6640.1 -6410.1 -5.6 2 0 8.7 13.7 10.5 3.5 2 1 3 0 0
6712.7 -6009.2 -4.8 169 0 11.9 13.5 17.5 3.5 2 1 5 4 4
6737.7 -6135.8 -4.7 167 0 7.2 15.8 10.5 3.5 2 1 3 2 2
6696.8 -6470.2 -6.9 142 0 6.8 11.1 10.5 0.0 0 1 3 5 5
6687.9 -6462.4 -6.9 145 0 5.0 15.5 10.5 3.5 4 1 3 0 0
6706.6 -6482.6 -6.9 143 0 6.6 10.0 10.5 3.5 2 1 3 4 4
6721.9 -6498.4 -6.6 147 0 7.3 9.6 10.5 3.5 2 1 3 5 5
6713.4 -6491.5 -6.8 145 0 11.9 16.5 14.0 3.5 2 1 4 2 2
6686.3 -6414.2 -5.8 95 0 13.1 16.3 17.5 3.5 2 1 5 0 0
6781.6 -6247.9 -5.6 260 0 7.9 13.1 10.5 3.5 2 1 3 0 0
6575.5 -6185.2 -4.8 92 0 8.1 18.0 10.5 3.5 2 1 3 3 3
6594.8 -6158.8 -4.8 273 0 8.2 6.5 10.5 3.5 2 0 3 2 2
6643.5 -6417.1 -5.7 320 0 6.3 11.3 10.5 3.5 4 1 3 3 3
6590.6 -5857.0 -4.9 1 0 9.5 12.8 10.5 3.5 2 1 3 4 4
6659.3 -5783.0 -7.4 83 0 13.9 32.9 14.0 3.5 2 1 4 0 0
6585.0 -5515.0 -7.2 90 0 9.6 18.7 10.5 3.5 2 1 3 2 2
6583.9 -5565.4 -6.8 93 0 6.2 17.1 10.5 3.5 2 1 3 2 2
6661.1 -5512.3 -7.1 81 0 9.6 8.6 10.5 3.5 2 0 3 1 1
6654.8 -5713.8 -6.2 81 0 10.5 21.6 17.5 3.5 2 1 5 5 5
6653.3 -5731.0 -6.5 263 0 15.4 13.1 14.0 3.5 2 0 4 4 4
6683.8 -5612.6 -7.1 347 0 7.2 12.9 10.5 3.5 2 1 3 5 5
6577.4 -5366.9 -8.1 273 0 12.2 20.1 17.5 3.5 2 1 5 0 0
6575.7 -5512.8 -7.1 89 0 6.8 14.3 10.5 3.5 4 1 3 4 4
6609.4 -5389.5 -8.1 173 0 5.1 13.8 10.5 3.5 2 1 3 5 5
6603.9 -5440.3 -7.6 2 0 8.0 16.6 10.5 3.5 2 1 3 1 1
6573.9 -5568.3 -6.5 274 0 11.1 9.6 10.5 3.5 2 0 3 1 1
6589.7 -5720.5 -6.0 86 0 7.2 11.1 10.5 3.5 2 1 3 2 2
6597.1 -5395.8 -8.0 353 0 11.2 20.2 17.5 3.5 2 1 5 1 1
6566.4 -5444.6 -7.6 172 0 18.6 18.3 17.5 3.5 2 0 5 4 4
6644.1 -5473.6 -7.5 356 0 8.0 6.1 10.5 3.5 2 0 3 0 0
6649.6 -5612.4 -7.1 167 0 7.9 14.5 10.5 3.5 2 1 3 5 5
6594.5 -5822.8 -5.3 0 0 6.3 6.0 10.5 3.5 2 0 3 3 3
6595.7 -5636.4 -6.8 95 0 25.2 18.6 17.5 3.5 2 0 5 5 5
6575.1 -5635.7 -6.4 96 0 11.6 18.2 17.5 3.5 4 1 5 4 4
6597.2 -5530.1 -6.9 272 0 9.5 17.9 10.5 3.5 2 1 3 5 5
6553.9 -5661.5 -6.3 92 0 21.8 10.4 17.5 3.5 2 0 5 1 1
6547.8 -5908.4 -4.6 275 0 5.2 12.7 10.5 3.5 2 1 3 5 5
6638.0 -5617.0 -6.9 1 0 8.6 12.1 10.5 3.5 2 1 3 1 1
6661.6 -5559.8 -7.2 352 0 19.8 6.5 10.5 3.5 2 0 3 2 2
6562.2 -5400.8 -7.8 178 0 10.2 13.2 17.5 3.5 2 1 5 2 2
6564.9 -5595.1 -6.4 275 0 31.6 9.1 10.5 3.5 2 0 3 2 2
6597.5 -5865.2 -5.0 184 0 9.4 11.5 10.5 3.5 2 1 3 4 4
6606.8 -5714.9 -6.1 85 0 9.9 12.1 10.5 3.5 2 1 3 5 5
6618.4 -5424.3 -7.8 179 0 10.3 11.9 17.5 3.5 2 1 5 3 3
6677.5 -5574.1 -7.3 351 0 11.2 14.1 14.0 3.5 2 1 4 2 2
6560.5 -5434.5 -7.5 350 0 7.3 12.9 10.5 3.5 2 1 3 0 0
6563.3 -5825.8 -4.9 271 0 7.5 18.7 10.5 3.5 2 1 3 0 0
6598.2 -5839.4 -5.2 179 0 6.0 15.9 10.5 0.0 0 1 3 2 2
6607.2 -5397.7 -8.0 170 0 5.3 17.2 10.5 3.5 2 1 3 2 2
6642.6 -5524.1 -7.0 263 0 5.7 12.5 10.5 3.5 2 1 3 3 3
6623.7 -5538.2 -6.9 357 0 24.0 10.8 17.5 3.5 4 0 5 3 3
6577.3 -5670.1 -6.4 271 0 10.0 26.6 10.5 3.5 2 1 3 4 4
6591.5 -5565.8 -6.7 91 0 5.7 17.0 10.5 3.5 2 1 3 4 4
6620.5 -5461.6 -7.6 178 0 7.6 11.9 10.5 3.5 2 1 3 0 0
6644.0 -5402.5 -8.1 352 0 12.2 18.3 17.5 3.5 2 1 5 3 3
6601.2 -5665.5 -6.6 94 0 19.5 20.0 17.5 3.5 2 1 5 5 5
6645.4 -5514.3 -7.1 88 0 6.0 9.0 10.5 3.5 2 1 3 4 4
6590.1 -5672.2 -6.3 267 0 9.4 29.8 10.5 3.5 4 1 3 5 5
6679.6 -5780.9 -7.7 83 0 24.1 36.6 14.0 0.0 0 1 4 4 4
6649.2 -5523.9 -7.1 262 0 5.7 15.8 10.5 3.5 2 1 3 2 2
6614.1 -5435.3 -7.7 179 0 7.7 15.8 10.5 3.5 2 1 3 3 3
6575.7 -5562.9 -6.8 94 0 8.2 16.5 10.5 3.5 2 1 3 4 4
6552.9 -5823.9 -4.9 270 0 9.3 21.5 10.5 3.5 2 1 3 2 2
6615.7 -5836.1 -5.7 176 0 9.4 14.3 10.5 3.5 4 1 3 5 5
6634.5 -5680.5 -6.1 268 0 7.1 9.0 10.5 3.5 2 1 3 5 5
6559.7 -5893.7 -4.7 92 0 12.1 9.2 10.5 3.5 2 0 3 0 0
6607.5 -5404.8 -8.0 171 0 5.7 16.3 10.5 3.5 2 1 3 1 1
6629.6 -5737.1 -6.4 260 0 18.4 22.0 14.0 3.5 2 1 4 3 3
6648.2 -5419.6 -7.9 358 0 6.5 5.0 10.5 3.5 2 0 3 0 0
6634.6 -5784.8 -7.0 86 0 17.2 11.8 14.0 3.5 2 0 4 0 0
6689.1 -5644.5 -6.5 350 0 4.0 17.2 10.5 3.5 2 1 3 3 3
6566.1 -5670.6 -6.4 272 0 11.5 34.3 17.5 3.5 2 1 5 1 1
6815.2 -5418.7 -5.0 182 0 6.1 12.7 10.5 3.5 2 1 3 2 2
6898.9 -5713.5 -5.7 358 0 6.4 12.8 10.5 3.5 2 1 3 0 0
6557.3 -5261.4 -7.3 5 0 12.3 13.3 14.0 3.5 2 1 4 0 0
6872.2 -5478.8 -4.7 2 0 5.0 12.2 10.5 3.5 2 1 3 1 1
6572.3 -5317.2 -8.2 274 0 10.9 18.6 17.5 3.5 2 1 5 2 2
6867.1 -5711.8 -6.2 359 0 6.0 10.2 10.5 3.5 4 1 3 0 0
6843.5 -5740.5 -5.8 181 0 5.9 11.2 10.5 3.5 2 1 3 5 5
6839.1 -5688.0 -6.5 0 0 12.9 12.1 17.5 3.5 2 0 5 1 1
6839.5 -5572.6 -5.8 1 0 5.9 12.3 10.5 3.5 2 1 3 3 3
6816.9 -5425.1 -5.0 180 0 4.5 11.2 10.5 3.5 2 1 3 1 1
6904.1 -5744.9 -5.6 180 0 10.3 11.5 17.5 3.5 2 1 5 1 1
6878.6 -5524.4 -4.6 180 0 5.6 10.3 10.5 3.5 2 1 3 4 4
6879.2 -5425.0 -4.0 180 0 4.7 11.0 10.5 3.5 2 1 3 5 5
6578.5 -5173.6 -6.8 187 0 11.5 14.6 17.5 3.5 2 1 5 0 0
6842.1 -5410.1 -4.7 360 0 6.3 11.7 10.5 3.5 2 1 3 2 2
6875.1 -5741.9 -6.0 182 0 4.6 10.1 10.5 3.5 2 1 3 3 3
6815.4 -5676.4 -6.6 182 0 3.9 10.8 10.5 3.5 2 1 3 5 5
6818.2 -5477.7 -5.3 181 0 6.1 9.0 10.5 3.5 2 1 3 4 4
6869.3 -5614.0 -5.6 0 0 5.9 11.4 10.5 3.5 2 1 3 1 1
6603.6 -5188.4 -6.6 359 0 5.6 10.8 10.5 3.5 2 1 3 3 3
6737.1 -5274.8 -6.7 0 0 5.6 7.2 10.5 3.5 2 1 3 2 2
6795.7 -5497.0 -5.8 90 0 6.9 9.0 10.5 3.5 2 1 3 3 3
6849.8 -5397.6 -4.3 182 0 5.5 9.6 10.5 3.5 2 1 3 3 3
6868.9 -5726.3 -6.1 359 0 5.5 12.0 10.5 3.5 2 1 3 5 5
6877.7 -5472.0 -4.3 180 0 6.0 11.0 10.5 3.5 2 1 3 5 5
6766.4 -5413.2 -5.7 183 0 5.2 11.0 10.5 0.0 0 1 3 0 0
6816.9 -5389.6 -4.8 180 0 7.8 12.2 10.5 3.5 4 1 3 2 2
6682.5 -5102.0 -7.4 272 0 16.6 8.3 10.5 3.5 2 0 3 1 1
6871.9 -5452.2 -4.5 0 0 5.2 12.2 10.5 0.0 0 1 3 0 0
6847.2 -5605.9 -5.7 180 0 5.1 9.6 10.5 3.5 4 1 3 0 0
6898.7 -5692.7 -5.6 359 0 5.9 10.0 10.5 3.5 2 1 3 1 1
6839.3 -5670.0 -6.5 0 0 5.2 11.8 10.5 3.5 2 1 3 4 4
6738.7 -5238.0 -6.4 2 0 7.5 13.5 10.5 3.5 2 1 3 5 5
6819.4 -5652.4 -6.5 269 0 10.2 6.8 10.5 3.5 2 0 3 2 2
6785.6 -5423.6 -5.6 3 0 9.4 7.7 10.5 3.5 2 0 3 3 3
6595.8 -5310.2 -8.1 94 0 10.8 16.6 14.0 3.5 4 1 4 4 4
6822.5 -5493.8 -5.4 93 0 9.6 4.8 10.5 0.0 0 0 3 2 2
6615.0 -5288.7 -7.6 142 0 4.9 11.7 10.5 3.5 2 1 3 5 5
6897.8 -5656.1 -5.3 358 0 7.1 9.8 10.5 3.5 2 1 3 5 5
6877.9 -5445.7 -4.2 180 0 5.2 11.3 10.5 3.5 2 1 3 2 2
6839.3 -5579.4 -5.8 0 0 4.6 11.1 10.5 0.0 0 1 3 3 3
6842.0 -5398.1 -4.6 360 0 6.6 12.4 10.5 3.5 2 1 3 4 4
6845.9 -5698.5 -6.3 178 0 5.3 7.8 10.5 3.5 2 1 3 5 5
6711.3 -5207.6 -6.1 357 0 7.4 11.2 10.5 3.5 2 1 3 5 5
6815.8 -5558.3 -5.9 179 0 6.9 10.7 10.5 3.5 2 1 3 4 4
6846.7 -5518.0 -5.1 182 0 5.8 12.2 10.5 3.5 2 1 3 4 4
6872.7 -5734.9 -6.0 181 0 6.6 12.3 10.5 3.5 2 1 3 3 3
6869.2 -5598.7 -5.5 360 0 7.0 11.5 10.5 3.5 2 1 3 3 3
6901.8 -5432.3 -3.9 0 0 7.3 10.7 10.5 3.5 2 1 3 2 2
6546.8 -5307.5 -8.1 97 0 8.7 15.2 10.5 3.5 2 1 3 4 4
6902.5 -5391.7 -3.6 0 0 8.1 11.7 10.5 3.5 2 1 3 1 1
6905.0 -5671.1 -5.2 180 0 6.9 12.8 10.5 3.5 2 1 3 2 2
6871.2 -5524.3 -5.0 357 0 5.5 11.5 10.5 3.5 2 1 3 1 1
6683.2 -5122.5 -7.1 177 0 6.5 21.7 10.5 0.0 0 1 3 2 2
6604.6 -5357.7 -8.3 96 0 12.3 8.7 10.5 3.5 2 0 3 1 1
6815.6 -5571.4 -5.9 181 0 6.2 10.5 10.5 3.5 2 1 3 3 3
6872.3 -5438.2 -4.4 359 0 5.6 12.8 10.5 3.5 2 1 3 2 2
6843.8 -5713.6 -6.3 181 0 6.0 11.2 10.5 3.5 2 1 3 2 2
6838.1 -5656.3 -6.3 358 0 7.4 12.6 10.5 3.5 2 1 3 0 0
6815.9 -5411.7 -4.9 180 0 5.8 12.7 10.5 3.5 2 1 3 1 1
6567.1 -5185.1 -6.8 10 0 12.0 17.5 14.0 3.5 2 1 4 2 2
6874.9 -5748.3 -5.9 181 0 5.1 10.5 10.5 3.5 4 1 3 2 2
6814.5 -5663.5 -6.6 180 0 5.1 10.9 10.5 0.0 0 1 3 3 3
6584.5 -5314.8 -8.2 98 0 5.8 21.0 10.5 3.5 2 1 3 1 1
6902.1 -5418.9 -3.8 0 0 5.8 11.5 10.5 3.5 2 1 3 4 4
6739.9 -5283.3 -6.8 1 0 6.6 10.3 10.5 3.5 2 1 3 1 1
6874.1 -5640.9 -5.5 178 0 6.9 12.3 10.5 3.5 2 1 3 5 5
6805.2 -5385.8 -5.1 270 0 6.7 19.2 10.5 3.5 4 1 3 4 4
6838.3 -5598.2 -5.9 358 0 5.9 9.7 10.5 3.5 2 1 3 2 2
6841.0 -5477.7 -5.1 360 0 5.0 12.1 10.5 3.5 4 1 3 1 1
6584.2 -5069.2 -7.7 100 0 34.4 23.9 14.0 0.0 0 0 4 1 1
6874.7 -5719.4 -5.9 180 0 5.2 9.0 10.5 3.5 2 1 3 5 5
6903.6 -5713.8 -5.4 180 0 6.3 12.5 10.5 3.5 2 1 3 5 5
6564.0 -5209.6 -6.5 11 0 5.8 18.1 10.5 3.5 2 1 3 5 5
6714.4 -5255.3 -6.8 356 0 7.5 15.1 10.5 3.5 2 1 3 1 1
6876.1 -5611.7 -5.2 180 0 4.8 11.1 10.5 3.5 4 1 3 1 1
6876.0 -5684.0 -5.7 181 0 4.9 10.4 10.5 3.5 2 1 3 1 1
6837.6 -5720.9 -6.0 0 0 6.2 11.4 10.5 3.5 4 1 3 0 0
6547.9 -5318.8 -8.2 274 0 8.2 7.8 10.5 3.5 2 0 3 0 0
6902.7 -5399.7 -3.7 0 0 6.2 12.1 10.5 3.5 2 1 3 2 2
6813.2 -5728.0 -5.7 181 0 7.3 10.3 10.5 3.5 2 1 3 4 4
6732.5 -5214.1 -5.9 2 0 6.3 7.6 10.5 3.5 4 1 3 1 1
6800.6 -5400.4 -5.2 1 0 9.0 7.5 10.5 3.5 2 0 3 3 3
6899.9 -5620.3 -5.1 2 0 6.7 11.8 10.5 3.5 2 1 3 2 2
6834.6 -5494.6 -5.2 93 0 11.2 4.5 10.5 3.5 2 0 3 2 2
6579.4 -5244.4 -6.9 141 0 7.1 12.9 10.5 3.5 2 1 3 1 1
6912.4 -5637.3 -4.9 270 0 10.1 6.2 10.5 3.5 4 0 3 1 1
6878.3 -5418.6 -4.0 180 0 7.0 10.9 10.5 0.0 0 1 3 4 4
6845.6 -5705.2 -6.3 180 0 6.0 10.1 10.5 3.5 2 1 3 5 5
6820.3 -5670.5 -6.5 180 0 6.1 6.0 10.5 3.5 2 0 3 0 0
6702.0 -5292.2 -7.3 176 0 5.5 6.3 10.5 3.5 2 1 3 5 5
6846.3 -5663.1 -6.0 181 0 5.9 10.4 10.5 3.5 4 1 3 2 2
6846.1 -5510.8 -5.1 181 0 7.3 11.3 10.5 3.5 2 1 3 2 2
6901.6 -5518.7 -4.4 2 0 5.6 11.0 10.5 3.5 2 1 3 1 1
6561.5 -5309.7 -8.1 95 0 5.4 16.9 10.5 3.5 4 1 3 2 2
6875.3 -5706.1 -5.8 180 0 6.2 10.7 10.5 3.5 2 1 3 3 3
6844.7 -5526.9 -5.2 178 0 6.7 12.6 10.5 3.5 2 1 3 4 4
6712.0 -5230.3 -6.4 358 0 5.6 12.6 10.5 3.5 4 1 3 1 1
6899.5 -5634.0 -5.2 0 0 6.3 12.5 10.5 3.5 2 1 3 4 4
6592.1 -5356.3 -8.3 95 0 11.4 17.1 17.5 3.5 4 1 5 2 2
6915.1 -5596.0 -4.6 90 0 15.6 5.5 10.5 3.5 2 0 3 0 0
6614.4 -5260.8 -7.2 317 0 9.7 15.3 10.5 3.5 2 1 3 0 0
6872.3 -5445.5 -4.5 1 0 5.6 12.5 10.5 3.5 4 1 3 3 3
6840.0 -5540.0 -5.6 360 0 6.4 12.3 10.5 0.0 0 1 3 3 3
6820.4 -5642.2 -6.4 90 0 10.9 5.9 10.5 3.5 2 0 3 1 1
6843.6 -5720.9 -6.2 179 0 5.3 11.3 10.5 3.5 2 1 3 3 3
6740.9 -5164.9 -5.5 1 0 12.6 15.6 14.0 3.5 2 1 4 2 2
6816.0 -5524.2 -5.6 179 0 6.5 11.6 10.5 0.0 0 1 3 1 1
6902.2 -5412.3 -3.8 0 0 6.1 12.4 10.5 3.5 2 1 3 0 0
6844.1 -5678.8 -6.2 179 0 7.5 11.8 10.5 0.0 0 1 3 5 5
6903.9 -5706.3 -5.4 180 0 7.1 13.0 10.5 3.5 2 1 3 4 4
6813.4 -5713.4 -6.0 180 0 6.8 11.6 10.5 3.5 2 1 3 4 4
6869.8 -5544.7 -5.1 1 0 7.5 10.4 10.5 3.5 2 1 3 2 2
6840.6 -5485.7 -5.2 2 0 6.6 12.1 10.5 3.5 4 1 3 5 5
6814.3 -5611.7 -6.2 183 0 4.2 11.1 10.5 3.5 2 1 3 5 5
6869.4 -5633.8 -5.7 1 0 4.4 11.1 10.5 3.5 2 1 3 2 2
6901.8 -5525.7 -4.5 2 0 6.4 11.8 10.5 3.5 2 1 3 3 3
6839.1 -5565.5 -5.7 0 0 6.1 11.3 10.5 3.5 2 1 3 2 2
6799.5 -5465.2 -5.7 0 0 18.9 6.9 10.5 3.5 2 0 3 4 4
6815.6 -5451.5 -5.2 180 0 5.4 11.2 10.5 3.5 2 1 3 5 5
6626.2 -5359.7 -8.3 95 0 6.1 9.2 10.5 3.5 2 1 3 1 1
6867.2 -5755.4 -5.7 2 0 7.4 10.9 10.5 3.5 2 1 3 4 4
6883.0 -5496.3 -4.5 90 0 12.3 5.9 10.5 3.5 2 0 3 5 5
6840.2 -5510.8 -5.4 359 0 6.6 11.9 10.5 3.5 2 1 3 3 3
6874.8 -5691.7 -5.8 179 0 7.1 11.2 10.5 3.5 2 1 3 2 2
6836.7 -5729.2 -5.9 0 0 7.1 11.5 10.5 3.5 2 1 3 5 5
6839.4 -5625.7 -6.1 1 0 6.2 11.7 10.5 3.5 2 1 3 0 0
6840.9 -5452.3 -5.0 359 0 5.5 12.8 10.5 0.0 0 1 3 5 5
6902.0 -5472.5 -4.2 0 0 5.4 11.8 10.5 3.5 2 1 3 3 3
6869.3 -5663.4 -5.8 0 0 4.8 10.7 10.5 3.5 4 1 3 0 0
6692.6 -5215.5 -6.2 182 0 5.9 9.2 10.5 3.5 2 1 3 1 1
6899.8 -5627.5 -5.2 0 0 5.6 12.1 10.5 3.5 2 1 3 5 5
6874.9 -5657.3 -5.5 180 0 8.0 12.3 10.5 3.5 2 1 3 4 4
6594.8 -5261.6 -7.2 139 0 8.4 10.0 10.5 3.5 2 1 3 0 0
6816.6 -5431.0 -5.0 181 0 5.4 11.6 10.5 3.5 2 1 3 2 2
6848.4 -5464.6 -4.8 182 0 5.7 10.7 10.5 3.5 2 1 3 0 0
6845.6 -5618.7 -5.8 180 0 5.3 10.3 10.5 3.5 2 1 3 3 3
6582.5 -5324.2 -8.2 275 0 6.4 13.0 10.5 3.5 2 1 3 4 4
6913.6 -5577.3 -4.5 270 0 10.7 5.0 10.5 3.5 2 0 3 1 1
6568.8 -5222.6 -6.5 191 0 9.5 10.1 10.5 3.5 2 1 3 3 3
6788.4 -5487.8 -5.9 90 0 6.9 10.2 10.5 3.5 2 1 3 2 2
6816.0 -5704.5 -6.2 180 0 5.6 8.6 10.5 3.5 2 1 3 0 0
6838.4 -5639.3 -6.2 359 0 5.3 11.6 10.5 3.5 2 1 3 2 2
6811.8 -5759.4 -5.1 181 0 6.6 11.5 10.5 3.5 2 1 3 0 0
6867.5 -5733.1 -6.1 359 0 6.1 11.3 10.5 3.5 2 1 3 4 4
6869.6 -5620.4 -5.6 0 0 4.8 11.4 10.5 3.5 2 1 3 5 5
6840.8 -5445.5 -4.9 359 0 5.1 11.5 10.5 3.5 2 1 3 1 1
6901.6 -5492.2 -4.3 0 0 7.4 10.8 10.5 3.5 2 1 3 4 4
6800.6 -5481.9 -5.8 359 0 9.2 7.6 10.5 3.5 2 0 3 4 4
6898.7 -5699.6 -5.6 359 0 5.2 11.0 10.5 3.5 2 1 3 1 1
6877.2 -5486.8 -4.4 180 0 5.1 12.0 10.5 3.5 2 1 3 2 2
6816.7 -5511.2 -5.5 179 0 6.6 10.7 10.5 3.5 2 1 3 1 1
6799.8 -5413.2 -5.3 360 0 8.9 6.6 10.5 3.5 2 0 3 0 0
6815.5 -5594.3 -6.1 182 0 12.7 10.6 17.5 3.5 2 0 5 0 0
6847.3 -5690.9 -6.2 180 0 7.4 9.5 10.5 3.5 2 1 3 4 4
6708.5 -5185.0 -5.7 359 0 6.2 8.0 10.5 3.5 2 1 3 3 3
6868.6 -5705.1 -6.2 0 0 5.4 11.3 10.5 3.5 2 1 3 5 5
6587.3 -5255.4 -7.1 133 0 9.4 14.9 10.5 3.5 2 1 3 5 5
6733.4 -5383.1 -7.1 0 0 7.8 19.2 10.5 3.5 4 1 3 0 0
6874.2 -5763.7 -5.7 180 0 5.9 10.9 10.5 3.5 2 1 3 4 4
6815.2 -5619.1 -6.2 182 0 6.0 10.8 10.5 3.5 2 1 3 3 3
6900.7 -5553.2 -4.7 3 0 6.4 11.5 10.5 3.5 2 1 3 1 1
6791.4 -5470.1 -5.8 0 0 10.6 6.4 10.5 0.0 0 0 3 3 3
6900.0 -5671.0 -5.4 0 0 5.0 11.9 10.5 3.5 2 1 3 2 2
6847.1 -5425.1 -4.5 180 0 5.9 11.3 10.5 3.5 2 1 3 4 4
6850.8 -5650.6 -6.0 271 0 10.8 8.6 10.5 3.5 2 0 3 4 4
6869.8 -5606.8 -5.5 0 0 6.1 11.8 10.5 3.5 2 1 3 4 4
6901.5 -5512.2 -4.4 2 0 6.1 10.9 10.5 0.0 0 1 3 0 0
6840.4 -5521.8 -5.5 359 0 12.6 12.0 17.5 3.5 2 0 5 5 5
6767.5 -5449.6 -5.9 183 0 7.4 10.7 10.5 0.0 0 1 3 2 2
6864.9 -5495.8 -4.8 93 0 12.1 7.1 10.5 3.5 2 0 3 3 3
6867.9 -5719.2 -6.2 359 0 6.9 11.2 10.5 3.5 2 1 3 1 1
6912.5 -5681.4 -5.2 270 0 10.4 5.1 10.5 3.5 2 0 3 5 5
6877.7 -5465.6 -4.3 180 0 5.8 10.8 10.5 3.5 2 1 3 3 3
6841.4 -5389.9 -4.6 359 0 7.5 10.6 10.5 3.5 2 1 3 2 2
6694.3 -5102.4 -7.3 270 0 5.3 6.4 10.5 3.5 2 1 3 3 3
6838.6 -5705.8 -6.3 2 0 4.6 12.4 10.5 3.5 2 1 3 2 2
6814.9 -5579.2 -6.0 180 0 4.7 11.8 10.5 3.5 2 1 3 0 0
6839.3 -5439.1 -4.9 359 0 5.4 9.6 10.5 3.5 2 1 3 2 2
6845.0 -5633.4 -5.9 180 0 6.1 11.5 10.5 3.5 2 1 3 2 2
6594.6 -5321.3 -8.2 274 0 14.1 16.3 17.5 3.5 2 1 5 2 2
6738.3 -5318.2 -6.9 2 0 4.7 11.3 10.5 3.5 2 1 3 2 2
6877.8 -5545.6 -4.8 180 0 7.1 10.9 10.5 3.5 2 1 3 3 3
6839.2 -5663.6 -6.4 359 0 5.3 11.8 10.5 3.5 2 1 3 4 4
6848.8 -5438.4 -4.6 181 0 4.2 10.0 10.5 3.5 2 1 3 0 0
6876.8 -5439.5 -4.1 180 0 5.4 6.9 10.5 3.5 2 1 3 1 1
6905.5 -5690.6 -5.3 180 0 6.0 13.3 10.5 3.5 2 1 3 5 5
6898.3 -5764.7 -5.8 360 0 5.5 9.1 10.5 3.5 2 1 3 3 3
6869.4 -5627.0 -5.6 359 0 6.4 11.3 10.5 3.5 2 1 3 5 5
6837.9 -5713.2 -6.2 1 0 7.8 11.6 10.5 3.5 2 1 3 3 3
6771.7 -5496.4 -6.2 91 0 9.0 9.0 10.5 3.5 2 0 3 3 3
6577.6 -5154.3 -6.9 184 0 4.2 9.4 10.5 3.5 2 1 3 2 2
6842.1 -5404.4 -4.7 359 0 3.4 11.4 10.5 3.5 2 1 3 1 1
6902.1 -5481.6 -4.2 0 0 11.4 11.5 17.5 3.5 2 1 5 5 5
6874.7 -5726.6 -6.0 182 0 7.6 11.2 10.5 3.5 2 1 3 3 3
6907.4 -5512.7 -4.1 180 0 7.6 12.2 10.5 3.5 2 1 3 5 5
6908.2 -5465.6 -3.8 180 0 6.0 10.7 10.5 3.5 2 1 3 3 3
6913.7 -5496.9 -4.0 90 0 10.7 6.3 10.5 3.5 2 0 3 1 1
6908.1 -5479.4 -3.9 180 0 4.8 15.5 10.5 0.0 0 1 3 4 4
6914.1 -5522.6 -4.2 270 0 10.8 5.9 10.5 3.5 2 0 3 4 4
6914.5 -5415.0 -3.5 90 0 11.2 5.0 10.5 3.5 2 0 3 0 0
6904.4 -5287.2 -2.9 2 0 6.1 11.4 10.5 3.5 2 1 3 1 1
6911.4 -5189.7 -2.0 182 0 4.2 11.5 10.5 3.5 2 1 3 1 1
6874.4 -5301.1 -3.5 2 0 5.5 9.8 10.5 3.5 2 1 3 2 2
6874.9 -5128.9 -2.6 2 0 6.5 8.3 10.5 3.5 2 1 3 3 3
6818.2 -5313.6 -4.3 181 0 5.7 12.2 10.5 3.5 2 1 3 4 4
6909.8 -5362.0 -3.1 182 0 6.7 11.7 10.5 3.5 2 1 3 2 2
6846.8 -5376.1 -4.2 182 0 8.2 12.5 10.5 3.5 2 1 3 0 0
6794.2 -5338.3 -4.9 1 0 10.0 7.2 10.5 3.5 4 0 3 4 4
6850.6 -5202.6 -3.1 182 0 5.1 11.3 10.5 3.5 2 1 3 3 3
6819.6 -5189.3 -4.0 182 0 6.2 11.4 10.5 3.5 2 1 3 0 0
6788.8 -5175.2 -4.9 1 0 10.3 8.0 10.5 3.5 4 0 3 0 0
6910.6 -5334.8 -3.0 182 0 5.4 10.3 10.5 3.5 2 1 3 3 3
6843.9 -5184.1 -3.7 2 0 6.7 12.3 10.5 3.5 2 1 3 5 5
6768.9 -5266.8 -5.6 181 0 6.9 10.3 10.5 3.5 2 1 3 2 2
6787.1 -5281.6 -5.2 1 0 8.6 8.2 10.5 3.5 2 0 3 3 3
6768.9 -5165.1 -4.9 181 0 8.8 10.4 10.5 3.5 2 1 3 1 1
6843.9 -5170.3 -3.7 2 0 4.2 11.3 10.5 3.5 2 1 3 4 4
6911.3 -5182.8 -2.0 182 0 5.4 11.9 10.5 3.5 4 1 3 3 3
6873.4 -5287.8 -3.4 2 0 6.1 9.3 10.5 3.5 2 1 3 5 5
6819.6 -5148.6 -3.8 182 0 6.8 13.7 10.5 0.0 0 1 3 4 4
6881.2 -5136.8 -2.2 182 0 6.3 12.3 10.5 3.5 2 1 3 1 1
6810.2 -5303.9 -4.5 1 0 10.1 7.9 10.5 3.5 2 0 3 1 1
6847.9 -5368.4 -4.1 182 0 3.9 11.8 10.5 3.5 2 1 3 1 1
6850.7 -5196.6 -3.0 182 0 5.1 11.1 10.5 3.5 2 1 3 3 3
6788.6 -5152.8 -4.7 1 0 9.2 7.7 10.5 0.0 0 0 3 2 2
6842.6 -5347.2 -4.3 1 0 5.4 11.6 10.5 3.5 2 1 3 4 4
6871.6 -5197.1 -2.9 2 0 6.2 9.1 10.5 3.5 2 1 3 3 3
6806.8 -5214.0 -4.5 91 0 6.6 18.6 10.5 3.5 2 1 3 0 0
6849.8 -5128.7 -3.0 182 0 8.2 15.9 10.5 3.5 4 1 3 2 2
6875.4 -5203.5 -2.9 2 0 5.3 12.5 10.5 3.5 2 1 3 4 4
6843.1 -5333.6 -4.2 1 0 5.2 11.9 10.5 3.5 2 1 3 2 2
6825.8 -5222.3 -3.8 271 0 10.0 6.3 10.5 3.5 2 0 3 3 3
6795.1 -5274.9 -4.9 1 0 19.4 7.0 10.5 3.5 2 0 3 4 4
6850.7 -5209.9 -3.1 182 0 6.7 10.9 10.5 3.5 2 1 3 5 5
6820.8 -5196.3 -4.0 182 0 6.1 8.9 10.5 3.5 2 0 3 3 3
6850.1 -5182.9 -3.0 182 0 5.6 11.7 10.5 0.0 0 1 3 1 1
6878.7 -5314.9 -3.3 182 0 6.4 12.9 10.5 3.5 2 1 3 0 0
6818.9 -5266.3 -4.0 181 0 5.0 12.1 10.5 3.5 2 1 3 0 0
6825.5 -5213.7 -4.0 92 0 11.9 7.8 10.5 3.5 2 0 3 1 1
6844.2 -5142.3 -3.4 2 0 5.0 11.5 10.5 0.0 0 1 3 2 2
6796.3 -5162.3 -4.7 1 0 11.0 7.1 10.5 3.5 2 0 3 2 2
6912.6 -5170.4 -1.9 182 0 4.9 11.2 10.5 3.5 2 1 3 5 5
6800.6 -5349.0 -4.9 1 0 10.0 6.5 10.5 3.5 2 0 3 5 5
6847.8 -5354.5 -4.1 182 0 6.2 12.1 10.5 3.5 2 1 3 3 3
6849.2 -5259.9 -3.5 182 0 7.4 12.2 10.5 3.5 2 1 3 0 0
6911.0 -5260.6 -2.5 182 0 6.7 11.9 10.5 3.5 2 1 3 5 5
6877.9 -5355.7 -3.6 182 0 5.4 12.0 10.5 3.5 2 1 3 5 5
6880.1 -5307.2 -3.3 182 0 5.1 11.5 10.5 3.5 2 1 3 2 2
6874.3 -5183.9 -2.8 2 0 6.0 11.5 10.5 3.5 2 1 3 3 3
6905.4 -5150.1 -2.1 2 0 6.4 11.6 10.5 3.5 2 1 3 1 1
6848.4 -5240.9 -3.3 182 0 6.6 13.0 10.5 3.5 2 1 3 3 3
6775.4 -5199.0 -5.1 91 0 7.7 6.5 10.5 3.5 2 0 3 5 5
6850.7 -5274.1 -3.5 182 0 5.0 10.0 10.5 0.0 0 1 3 5 5
6802.4 -5258.4 -4.7 1 0 9.1 7.6 10.5 3.5 2 0 3 1 1
6818.2 -5299.8 -4.2 181 0 5.7 11.4 10.5 0.0 0 1 3 0 0
6841.2 -5354.3 -4.3 1 0 5.4 10.3 10.5 3.5 2 1 3 0 0
6912.8 -5309.3 -2.8 182 0 25.6 10.2 17.5 3.5 2 0 5 2 2
6786.2 -5324.7 -5.0 1 0 8.2 7.1 10.5 0.0 0 0 3 3 3
6866.9 -5367.5 -3.9 2 0 5.1 5.9 10.5 0.0 0 1 3 0 0
6874.5 -5266.8 -3.3 2 0 6.7 13.0 10.5 0.0 0 1 3 4 4
6802.8 -5199.3 -4.7 1 0 9.5 7.4 10.5 3.5 2 0 3 5 5
6905.0 -5241.0 -2.7 2 0 5.5 12.3 10.5 3.5 2 1 3 2 2
6851.0 -5252.6 -3.4 182 0 4.4 10.6 10.5 3.5 2 1 3 4 4
6821.6 -5162.6 -3.9 182 0 5.6 9.0 10.5 3.5 2 1 3 3 3
6811.5 -5140.4 -4.3 1 0 8.0 7.7 10.5 3.5 2 0 3 4 4
6819.4 -5128.4 -3.9 182 0 8.2 12.8 10.5 0.0 0 1 3 3 3
6905.4 -5170.4 -2.2 2 0 7.0 11.5 10.5 3.5 2 1 3 2 2
6904.3 -5261.0 -2.8 2 0 6.1 11.5 10.5 3.5 2 1 3 5 5
6809.9 -5247.8 -4.4 1 0 9.3 5.9 10.5 3.5 2 0 3 5 5
6881.3 -5182.8 -2.5 182 0 7.9 11.1 10.5 3.5 2 1 3 3 3
6844.3 -5149.3 -3.5 2 0 5.8 10.0 10.5 3.5 2 1 3 5 5
6803.1 -5175.7 -4.4 1 0 7.4 5.7 10.5 3.5 2 0 3 0 0
6887.5 -5222.5 -2.7 272 0 9.8 6.5 10.5 3.5 2 0 3 2 2
6809.6 -5348.0 -4.8 1 0 9.9 8.1 10.5 3.5 2 0 3 4 4
6850.5 -5267.6 -3.5 182 0 6.0 10.5 10.5 3.5 2 1 3 5 5
6821.1 -5141.6 -3.8 182 0 4.4 10.6 10.5 3.5 2 1 3 4 4
6842.5 -5340.8 -4.3 1 0 5.6 12.1 10.5 3.5 2 1 3 0 0
6911.0 -5150.4 -1.8 182 0 5.7 13.1 10.5 3.5 2 1 3 2 2
6872.7 -5354.7 -3.9 2 0 6.6 11.5 10.5 3.5 2 1 3 1 1
6874.1 -5190.9 -2.8 2 0 5.2 11.8 10.5 3.5 2 1 3 4 4
6842.5 -5266.4 -3.8 1 0 5.7 10.3 10.5 3.5 2 1 3 0 0
6818.8 -5327.6 -4.4 181 0 4.7 11.6 10.5 3.5 2 1 3 1 1
6852.0 -5154.7 -3.0 182 0 5.2 10.2 10.5 0.0 0 1 3 2 2
6905.2 -5156.6 -2.1 2 0 4.8 10.7 10.5 3.5 2 1 3 3 3
6881.5 -5196.9 -2.5 182 0 5.3 10.7 10.5 3.5 2 1 3 5 5
6792.7 -5123.7 -4.5 271 0 7.4 10.3 10.5 3.5 2 1 3 1 1
6881.8 -5246.9 -2.9 182 0 5.4 10.0 10.5 3.5 2 1 3 2 2
6912.9 -5142.7 -1.7 182 0 5.5 10.1 10.5 3.5 2 1 3 1 1
6903.7 -5315.3 -3.1 2 0 3.9 10.1 10.5 3.5 2 1 3 0 0
6880.3 -5273.2 -3.0 182 0 5.4 11.4 10.5 3.5 2 1 3 2 2
6911.5 -5211.4 -2.2 182 0 6.6 10.8 10.5 3.5 4 1 3 2 2
6798.1 -5229.5 -4.8 271 0 5.0 11.0 10.5 3.5 2 1 3 3 3
6818.3 -5260.0 -3.9 181 0 6.4 12.3 10.5 3.5 4 1 3 5 5
6767.5 -5343.7 -5.3 181 0 7.9 10.5 10.5 3.5 2 1 3 2 2
6902.1 -5362.4 -3.4 2 0 6.0 10.9 10.5 0.0 0 1 3 0 0
6872.8 -5136.0 -2.7 2 0 4.0 7.8 10.5 3.5 2 1 3 2 2
6904.9 -5247.4 -2.7 2 0 6.3 12.4 10.5 3.5 4 1 3 2 2
6773.5 -5228.1 -5.6 271 0 11.7 11.9 14.0 3.5 2 1 4 4 4
6837.7 -5252.6 -3.7 1 0 5.8 6.0 10.5 3.5 2 1 3 5 5
6872.9 -5259.6 -3.2 2 0 5.2 10.1 10.5 3.5 2 1 3 0 0
6841.0 -5367.2 -4.4 1 0 6.5 10.6 10.5 3.5 2 1 3 4 4
6879.6 -5301.3 -3.2 182 0 5.1 12.1 10.5 3.5 2 1 3 1 1
6849.6 -5232.1 -3.3 182 0 6.9 10.8 10.5 3.5 2 1 3 5 5
6819.1 -5252.7 -3.9 181 0 5.9 11.6 10.5 3.5 2 1 3 1 1
6904.8 -5280.2 -2.8 2 0 5.6 8.5 10.5 3.5 2 1 3 0 0
6905.8 -5142.3 -2.0 2 0 6.8 11.0 10.5 3.5 2 1 3 4 4
6817.4 -5320.9 -4.3 181 0 6.4 12.6 10.5 3.5 2 1 3 1 1
6912.8 -5128.8 -1.6 182 0 7.9 11.2 10.5 3.5 2 1 3 4 4
6843.3 -5239.4 -3.6 1 0 5.7 11.3 10.5 3.5 2 1 3 2 2
6874.5 -5170.0 -2.7 2 0 6.0 10.9 10.5 3.5 2 1 3 2 2
6784.5 -5228.1 -5.2 271 0 7.4 11.7 10.5 3.5 2 1 3 5 5
6881.1 -5152.7 -2.3 182 0 13.0 12.1 17.5 3.5 2 0 5 2 2
6912.2 -5136.3 -1.7 182 0 5.7 11.7 10.5 3.5 2 1 3 2 2
6903.1 -5375.7 -3.5 2 0 6.0 10.9 10.5 3.5 2 1 3 5 5
6844.4 -5128.4 -3.5 2 0 9.1 11.6 10.5 3.5 2 1 3 5 5
6818.9 -5374.0 -4.6 181 0 5.3 9.9 10.5 3.5 2 1 3 5 5
6871.6 -5328.5 -3.7 2 0 6.1 10.5 10.5 3.5 2 1 3 2 2
6818.4 -5333.6 -4.4 181 0 5.3 12.0 10.5 3.5 2 1 3 0 0
6898.5 -5347.8 -3.3 2 0 6.6 6.4 10.5 3.5 2 0 3 4 4
6882.0 -5203.3 -2.6 182 0 5.3 10.3 10.5 3.5 2 1 3 4 4
6787.4 -5314.9 -4.9 1 0 8.4 5.1 10.5 3.5 4 0 3 2 2
6850.4 -5136.5 -3.1 182 0 5.2 11.6 10.5 3.5 2 1 3 1 1
6882.6 -5169.8 -2.4 182 0 8.0 10.5 10.5 0.0 0 1 3 0 0
6874.9 -5226.2 -3.0 2 0 8.3 12.1 10.5 3.5 2 1 3 1 1
6848.8 -5314.6 -3.8 182 0 6.4 11.9 10.5 3.5 2 1 3 4 4
6784.7 -5190.6 -4.8 91 0 7.5 8.8 10.5 3.5 4 1 3 2 2
6844.4 -5163.6 -3.7 2 0 6.0 12.4 10.5 3.5 2 1 3 2 2
6881.7 -5280.1 -3.1 182 0 5.5 13.6 10.5 3.5 2 1 3 3 3
6844.2 -5232.5 -3.5 1 0 4.4 11.5 10.5 3.5 2 1 3 3 3
6801.9 -5295.5 -4.6 1 0 8.5 7.9 10.5 3.5 2 0 3 2 2
6911.6 -5267.5 -2.5 182 0 5.9 10.8 10.5 3.5 2 1 3 1 1
6843.1 -5197.6 -3.6 2 0 4.3 11.6 10.5 0.0 0 1 3 0 0
6849.6 -5190.1 -3.0 182 0 6.5 11.9 10.5 0.0 0 1 3 1 1
6873.2 -5253.2 -3.2 2 0 7.0 10.7 10.5 0.0 0 1 3 1 1
6873.2 -5321.2 -3.7 2 0 7.0 12.0 10.5 3.5 2 1 3 4 4
6836.6 -4979.2 -3.5 269 0 4.8 8.9 10.5 3.5 2 1 3 1 1
6884.2 -4888.4 -3.5 270 0 4.6 7.6 10.5 3.5 2 1 3 1 1
6855.6 -4963.4 -3.3 360 0 7.4 5.4 10.5 3.5 2 0 3 4 4
6914.0 -4899.7 -3.1 1 0 8.1 4.3 10.5 3.5 2 0 3 4 4
6879.6 -4982.1 -2.6 90 0 6.3 10.6 10.5 3.5 2 1 3 5 5
6862.1 -5021.6 -3.0 360 0 8.2 7.5 10.5 3.5 2 0 3 4 4
6858.2 -4970.2 -3.1 270 0 6.3 7.5 10.5 3.5 2 1 3 4 4
6832.0 -5076.2 -3.8 270 0 11.0 18.6 17.5 3.5 2 1 5 5 5
6870.5 -4983.4 -2.9 360 0 10.6 8.0 10.5 3.5 2 0 3 4 4
6808.1 -5116.1 -4.4 90 0 12.7 19.5 17.5 3.5 2 1 5 5 5
6826.8 -4977.8 -3.8 270 0 4.3 9.7 10.5 3.5 2 1 3 0 0
6906.2 -4965.3 -2.5 359 0 5.7 9.2 10.5 3.5 2 1 3 3 3
6827.4 -5023.1 -3.9 90 0 4.7 13.6 10.5 3.5 2 1 3 3 3
6921.4 -4982.5 -2.5 91 0 36.2 8.0 10.5 3.5 2 0 3 0 0
6855.2 -4945.1 -3.5 360 0 7.0 9.7 10.5 3.5 2 1 3 0 0
6821.5 -4980.1 -3.9 270 0 5.1 7.5 10.5 3.5 2 1 3 1 1
6792.3 -4990.3 -4.7 180 0 6.2 9.5 10.5 3.5 2 1 3 0 0
6792.8 -5010.7 -4.8 181 0 4.9 8.2 10.5 3.5 2 1 3 3 3
6870.2 -5003.7 -2.7 360 0 5.6 6.6 10.5 3.5 2 1 3 2 2
6793.3 -5824.0 -5.9 354 0 9.3 15.6 10.5 3.5 2 1 3 2 2
6859.5 -6038.6 -5.8 164 0 5.6 9.0 10.5 3.5 2 1 3 5 5
6914.5 -5816.1 -5.7 81 0 11.1 4.7 10.5 3.5 2 0 3 2 2
6876.4 -5951.5 -5.7 164 0 6.7 12.4 10.5 3.5 2 1 3 1 1
6816.8 -5869.4 -5.7 353 0 4.7 12.0 10.5 3.5 2 1 3 3 3
6873.9 -6039.0 -6.2 164 0 13.8 9.7 10.5 3.5 2 0 3 4 4
6859.2 -6009.2 -5.6 344 0 5.1 10.8 10.5 3.5 2 1 3 4 4
6913.0 -6040.3 -6.4 74 0 8.2 4.7 10.5 3.5 2 0 3 2 2
6843.2 -5824.9 -5.5 173 0 6.8 12.9 10.5 0.0 0 1 3 1 1
6799.7 -5836.2 -5.4 173 0 8.8 11.1 10.5 3.5 2 1 3 5 5
6895.4 -5931.2 -5.8 344 0 7.5 11.2 10.5 3.5 2 1 3 2 2
6885.6 -6007.6 -5.8 344 0 6.2 9.5 10.5 3.5 2 1 3 0 0
6912.2 -6018.2 -6.3 344 0 5.2 10.4 10.5 3.5 2 1 3 5 5
6878.9 -5958.0 -5.7 164 0 5.8 12.0 10.5 3.5 2 1 3 0 0
6817.4 -5874.2 -5.7 353 0 4.6 7.9 10.5 3.5 2 1 3 1 1
6899.4 -5805.5 -5.6 353 0 5.9 11.2 10.5 3.5 2 1 3 1 1
6853.2 -6020.9 -5.8 164 0 4.5 9.4 10.5 3.5 2 1 3 5 5
6906.9 -5844.6 -5.8 353 0 7.4 12.0 10.5 3.5 2 1 3 1 1
6913.5 -5899.1 -5.9 69 0 10.4 5.9 10.5 3.5 2 0 3 5 5
6907.8 -5851.2 -5.8 353 0 4.9 11.0 10.5 3.5 2 1 3 1 1
6799.3 -5857.3 -5.7 353 0 7.2 17.5 10.5 3.5 2 1 3 2 2
6837.4 -5945.5 -5.2 344 0 9.6 9.7 10.5 3.5 2 1 3 1 1
6804.2 -5856.1 -5.6 173 0 16.0 9.7 10.5 3.5 2 0 3 1 1
6861.6 -5997.4 -5.7 164 0 7.7 8.6 10.5 3.5 2 1 3 1 1
6802.8 -5877.7 -5.7 353 0 7.1 14.0 10.5 3.5 2 1 3 0 0
6887.4 -5905.0 -5.7 344 0 6.2 12.3 10.5 3.5 2 1 3 3 3
6901.4 -5813.2 -5.6 353 0 6.5 12.3 10.5 3.5 4 1 3 5 5
6901.0 -6050.8 -6.4 344 0 8.6 10.6 10.5 0.0 0 1 3 0 0
6914.0 -5899.8 -5.9 248 0 9.7 5.3 10.5 3.5 2 0 3 0 0
6873.4 -5938.4 -5.7 164 0 6.0 10.8 10.5 3.5 2 1 3 0 0
6795.8 -5839.9 -5.7 353 0 5.2 17.0 10.5 3.5 2 1 3 3 3
6866.5 -5806.8 -5.4 353 0 6.5 12.5 10.5 3.5 2 1 3 3 3
6843.6 -5962.0 -5.0 344 0 11.0 8.0 10.5 3.5 4 0 3 0 0
6836.1 -5813.8 -5.2 353 0 7.4 5.1 10.5 3.5 2 0 3 1 1
6897.7 -5900.7 -5.8 160 0 6.1 9.4 10.5 3.5 4 1 3 0 0
6862.9 -6006.5 -5.7 164 0 7.2 10.1 10.5 3.5 2 1 3 0 0
6896.2 -6036.3 -6.4 344 0 7.3 10.7 10.5 3.5 2 1 3 5 5
6912.6 -5850.1 -5.8 172 0 6.5 12.4 10.5 0.0 0 1 3 4 4
6814.8 -5890.0 -5.5 83 0 9.7 3.6 10.5 3.5 2 0 3 4 4
6915.1 -6047.5 -6.4 74 0 10.8 6.9 10.5 3.5 2 0 3 0 0
6885.6 -5898.9 -5.6 344 0 4.8 12.3 10.5 3.5 4 1 3 3 3
6864.1 -6014.9 -5.7 164 0 6.9 10.9 10.5 3.5 4 1 3 0 0
6878.1 -5815.1 -5.5 173 0 6.6 10.2 10.5 3.5 4 1 3 2 2
6903.2 -5957.7 -6.0 344 0 7.4 10.4 10.5 3.5 2 1 3 0 0
6898.1 -6043.3 -6.4 344 0 5.3 10.0 10.5 0.0 0 1 3 0 0
6846.3 -6002.0 -5.5 164 0 4.4 10.4 10.5 3.5 2 1 3 2 2
6910.3 -5829.1 -5.7 169 0 6.0 11.6 10.5 3.5 2 1 3 5 5
6914.5 -5987.3 -6.2 344 0 6.4 10.9 10.5 3.5 2 1 3 0 0
6827.8 -5915.7 -5.4 344 0 3.8 10.6 10.5 3.5 2 1 3 0 0
6795.3 -5818.2 -5.4 173 0 9.0 12.0 10.5 3.5 2 1 3 0 0
6844.5 -5996.0 -5.4 164 0 6.0 9.5 10.5 3.5 2 1 3 4 4
6875.8 -5860.6 -5.5 349 0 5.9 11.7 10.5 0.0 0 1 3 1 1
6845.0 -5943.5 -5.1 164 0 6.9 14.6 10.5 3.5 2 1 3 4 4
6901.9 -5820.7 -5.5 353 0 4.4 11.6 10.5 3.5 2 1 3 1 1
6895.8 -6000.9 -6.2 164 0 6.3 8.5 10.5 3.5 2 1 3 1 1
6796.1 -5849.5 -5.6 353 0 7.2 16.1 10.5 3.5 2 1 3 5 5
6890.9 -5919.1 -5.6 344 0 7.0 12.5 10.5 3.5 2 1 3 2 2
6912.7 -5917.8 -6.0 341 0 4.5 9.9 10.5 3.5 2 1 3 0 0
6835.9 -5917.9 -5.4 164 0 6.4 16.4 10.5 3.5 2 1 3 0 0
6901.1 -5950.9 -5.9 344 0 5.7 10.8 10.5 3.5 2 1 3 1 1
6866.2 -5948.4 -5.4 344 0 8.3 19.0 10.5 3.5 2 1 3 5 5
6903.1 -5826.0 -5.6 353 0 4.9 11.7 10.5 3.5 2 1 3 2 2
6803.8 -5883.7 -5.7 353 0 3.6 13.4 10.5 3.5 2 1 3 4 4
6881.0 -6056.9 -6.4 164 0 6.5 8.5 10.5 3.5 2 1 3 2 2
6873.0 -5847.6 -5.6 353 0 6.4 11.6 10.5 3.5 2 1 3 2 2
6838.8 -5928.8 -5.2 164 0 6.4 16.5 10.5 3.5 2 1 3 1 1
6879.8 -5836.1 -5.5 173 0 5.7 12.3 10.5 3.5 2 1 3 4 4
6888.8 -6015.5 -6.3 344 0 5.9 10.9 10.5 3.5 2 1 3 5 5
6895.7 -5895.1 -5.9 161 0 4.4 9.6 10.5 3.5 2 1 3 4 4
6848.3 -5843.7 -5.5 173 0 6.5 11.3 10.5 3.5 2 1 3 1 1
6875.1 -5868.3 -5.5 351 0 6.6 9.8 10.5 3.5 2 1 3 4 4
6883.8 -5855.0 -5.5 173 0 7.4 11.3 10.5 3.5 2 1 3 4 4
6882.8 -6000.2 -5.5 344 0 7.2 9.2 10.5 3.5 2 1 3 0 0
6901.4 -6487.3 -7.4 79 0 5.6 10.3 10.5 3.5 2 1 3 0 0
6889.7 -6351.8 -6.6 81 0 6.6 18.8 10.5 3.5 2 1 3 4 4
6916.1 -6668.0 -8.3 261 0 8.6 6.3 10.5 3.5 2 0 3 0 0
6906.8 -6590.0 -7.9 349 0 5.5 8.6 10.5 3.5 2 1 3 4 4
6858.7 -6326.6 -7.2 347 0 6.7 11.4 10.5 3.5 2 1 3 1 1
6878.7 -6435.7 -6.3 351 0 8.2 12.0 10.5 3.5 2 1 3 5 5
6901.8 -6551.4 -7.6 349 0 6.2 10.2 10.5 3.5 2 1 3 1 1
6905.4 -6436.3 -7.3 348 0 9.9 6.6 10.5 3.5 2 0 3 2 2
6909.2 -6363.6 -7.3 343 0 17.5 7.1 10.5 3.5 2 0 3 1 1
6874.0 -6411.3 -6.3 355 0 7.3 7.0 10.5 0.0 0 0 3 4 4
6881.8 -6449.4 -6.5 352 0 6.1 11.6 10.5 3.5 4 1 3 0 0
6877.2 -6360.1 -6.2 259 0 8.5 6.7 10.5 3.5 2 0 3 5 5
6901.8 -6557.7 -7.6 349 0 4.3 9.5 10.5 3.5 2 1 3 0 0
6890.6 -6486.0 -6.9 350 0 6.7 12.2 10.5 3.5 2 1 3 1 1
6903.3 -6566.0 -7.7 347 0 5.8 9.7 10.5 3.5 2 1 3 4 4
6914.0 -6662.6 -8.3 81 0 11.5 7.9 10.5 3.5 2 0 3 5 5
6914.0 -6400.7 -7.5 262 0 5.2 9.1 10.5 3.5 2 1 3 3 3
6906.9 -6616.7 -7.9 351 0 6.3 7.6 10.5 3.5 2 1 3 2 2
6863.8 -6351.3 -7.3 351 0 7.5 11.0 10.5 3.5 2 1 3 5 5
6867.1 -6366.0 -7.3 352 0 4.4 8.5 10.5 3.5 2 1 3 4 4
6894.5 -6502.2 -7.1 353 0 7.1 13.3 10.5 3.5 2 1 3 1 1
6869.4 -6377.6 -7.1 353 0 6.6 9.2 10.5 3.5 2 1 3 3 3
6850.6 -6316.4 -7.2 260 0 11.3 6.6 10.5 3.5 2 0 3 5 5
6896.2 -6092.9 -6.4 172 0 38.5 11.1 17.5 3.5 2 0 5 0 0
6808.9 -5905.4 -5.6 349 0 3.9 19.2 10.5 3.5 2 1 3 1 1
6883.7 -6134.7 -6.7 359 0 10.5 4.3 10.5 3.5 2 0 3 2 2
6881.2 -6278.6 -6.2 170 0 6.8 8.4 10.5 3.5 4 1 3 3 3
6840.9 -5851.0 -5.6 350 0 7.2 18.8 10.5 3.5 2 1 3 3 3
6845.1 -6208.3 -5.1 178 0 6.7 10.5 10.5 3.5 2 1 3 1 1
6871.7 -6200.5 -6.9 179 0 4.7 16.7 10.5 3.5 2 1 3 4 4
6812.5 -5923.2 -5.4 345 0 5.1 16.1 10.5 3.5 2 1 3 1 1
6910.9 -6142.7 -6.6 3 0 5.0 8.5 10.5 3.5 2 1 3 3 3
6830.8 -5967.8 -4.9 344 0 4.4 8.1 10.5 3.5 2 1 3 0 0
6866.8 -6206.5 -6.7 358 0 5.7 9.2 10.5 0.0 0 1 3 2 2
6914.7 -6100.9 -6.6 264 0 10.3 10.3 17.5 3.5 2 0 5 0 0
6848.8 -6022.2 -5.4 346 0 7.2 9.6 10.5 3.5 2 1 3 3 3
6890.4 -6103.8 -6.0 352 0 9.8 25.5 10.5 3.5 2 1 3 0 0
6899.1 -6222.1 -6.4 360 0 10.7 6.6 10.5 3.5 2 0 3 4 4
6847.5 -6266.0 -5.1 353 0 8.1 10.4 10.5 3.5 2 1 3 1 1
6822.1 -5869.9 -5.6 170 0 8.3 17.4 10.5 3.5 4 1 3 3 3
6835.5 -5983.8 -4.9 344 0 6.8 8.7 10.5 3.5 4 1 3 2 2
6851.9 -6297.2 -6.3 353 0 4.5 9.6 10.5 3.5 2 1 3 5 5
6899.3 -6254.4 -6.5 355 0 9.2 7.0 10.5 3.5 2 0 3 2 2
6832.6 -5977.5 -4.9 344 0 5.0 7.0 10.5 0.0 0 1 3 4 4
6903.5 -6286.5 -6.8 349 0 8.9 9.4 10.5 3.5 2 1 3 5 5
6871.8 -6160.4 -6.6 183 0 11.2 12.1 14.0 0.0 0 1 4 0 0
6833.8 -5932.9 -5.3 344 0 8.3 8.2 10.5 3.5 2 0 3 0 0
6865.6 -6153.6 -5.5 1 0 5.4 10.9 10.5 3.5 2 1 3 2 2
6838.3 -5883.3 -5.5 79 0 7.1 9.1 10.5 3.5 2 1 3 3 3
6915.0 -6121.1 -6.6 1 0 9.9 15.5 10.5 3.5 4 1 3 0 0
6874.5 -6250.1 -6.6 170 0 5.4 12.4 10.5 3.5 2 1 3 3 3
6869.1 -6122.4 -6.3 176 0 9.1 5.7 10.5 3.5 2 0 3 2 2
6893.7 -6160.4 -6.1 359 0 11.9 8.9 10.5 3.5 2 0 3 3 3
6902.8 -6148.4 -6.6 185 0 5.8 7.5 10.5 3.5 4 1 3 4 4
6915.5 -6261.2 -7.1 358 0 5.2 7.4 10.5 3.5 2 1 3 5 5
6598.4 -4555.1 -5.6 221 0 5.6 11.7 10.5 3.5 2 1 3 2 2
6598.7 -4949.7 -8.0 8 0 8.4 4.9 10.5 3.5 2 0 3 5 5
6914.3 -5011.6 -2.1 89 0 24.0 14.0 17.5 3.5 2 0 5 3 3
6877.8 -5022.3 -2.5 180 0 43.6 14.3 17.5 3.5 2 0 5 1 1
6870.1 -5038.2 -3.6 0 0 10.7 31.4 17.5 3.5 2 1 5 4 4
6736.1 -4872.5 -6.5 4 0 14.3 24.6 17.5 3.5 4 1 5 3 3
6673.1 -4653.0 -7.1 303 0 9.8 8.2 10.5 3.5 2 0 3 2 2
6578.4 -4911.4 -7.5 194 0 4.5 7.4 10.5 3.5 2 1 3 3 3
6547.5 -6524.6 -6.2 91 0 10.8 20.8 14.0 3.5 2 1 4 1 1
6626.6 -4889.7 -7.6 14 0 5.9 6.6 10.5 3.5 2 1 3 0 0
6552.9 -4792.9 -6.4 302 0 8.0 35.4 10.5 3.5 2 1 3 3 3
6571.7 -4815.7 -6.7 171 0 7.7 6.2 10.5 3.5 2 0 3 5 5
6558.6 -4825.4 -6.6 8 0 8.4 7.4 10.5 3.5 2 0 3 2 2
6621.4 -4607.4 -6.5 132 0 8.1 6.6 10.5 0.0 0 0 3 1 1
6569.3 -4836.3 -6.8 191 0 8.1 6.9 10.5 0.0 0 0 3 0 0
6638.8 -4598.8 -6.5 308 0 6.8 11.3 10.5 3.5 2 1 3 5 5
6587.7 -4882.6 -7.3 199 0 6.9 5.7 10.5 3.5 2 0 3 3 3
3990.3 -4301.7 -7.6 184 0 29.4 13.6 17.5 3.5 2 0 5 5 5
4058.8 -4187.9 -7.0 272 0 105.7 32.1 17.5 0.0 0 0 5 0 0
4294.6 -3889.5 -5.1 272 0 17.6 12.1 14.0 3.5 2 0 4 3 3
4315.2 -3933.6 -7.6 271 0 30.2 21.8 14.0 0.0 0 0 4 3 3
4359.9 -3929.1 -8.2 273 0 20.7 13.3 14.0 3.5 2 0 4 4 4
4371.6 -3899.6 -5.9 272 0 41.0 15.5 14.0 3.5 2 0 4 5 5
4440.3 -3908.9 -6.1 280 0 29.8 12.5 14.0 3.5 2 0 4 5 5
4856.5 -3465.6 -3.6 115 0 54.3 11.9 7.5 2.5 4 0 3 0 0
3458.2 -3134.9 -0.8 180 0 26.7 13.9 17.5 3.5 2 0 5 0 0
3398.9 -3104.4 -0.7 182 0 11.9 32.7 17.5 3.5 2 1 5 1 1
3411.2 -3152.5 -0.5 90 0 13.4 32.3 17.5 3.5 2 1 5 3 3
6564.4 -2510.9 0.5 201 0 16.6 39.6 14.0 3.5 4 1 4 3 3
6630.6 -2516.1 0.8 26 0 22.7 33.4 14.0 0.0 0 1 4 5 5
6620.3 -2485.1 0.9 15 0 12.9 18.9 14.0 3.5 2 1 4 4 4
6645.1 -2490.4 0.7 12 0 21.4 15.9 14.0 3.5 2 0 4 0 0
6581.5 -2482.6 1.0 194 0 7.8 12.9 10.5 3.5 2 1 3 5 5
6581.7 -2419.0 1.0 198 0 14.4 9.6 10.5 3.5 2 0 3 1 1
6605.9 -2419.4 0.9 287 0 10.4 19.7 14.0 3.5 4 1 4 0 0
6666.6 -2373.0 1.0 287 0 20.0 17.9 14.0 3.5 2 0 4 2 2
6649.3 -2380.2 1.2 288 0 7.2 11.6 10.5 3.5 2 0 3 1 1
6657.7 -2412.5 0.7 110 0 11.4 20.6 14.0 3.5 2 0 4 2 2
6647.1 -2366.1 1.4 286 0 4.7 9.7 10.5 3.5 2 1 3 1 1
6634.3 -2367.2 1.2 289 0 6.4 22.8 10.5 3.5 2 0 3 4 4
6669.2 -2471.1 0.4 196 0 35.8 11.8 14.0 3.5 2 0 4 3 3
6457.7 -2372.1 0.7 199 0 12.8 41.0 17.5 3.5 2 1 5 0 0
6477.1 -2525.1 -0.9 294 0 98.2 17.0 14.0 0.0 0 0 4 1 1
6409.7 -2557.4 -1.4 206 0 21.2 45.1 14.0 3.5 2 1 4 3 3
6657.2 -2537.0 0.2 197 0 19.4 14.9 14.0 3.5 4 0 4 5 5
6661.8 -2501.7 0.6 194 0 24.2 20.5 14.0 3.5 2 0 4 3 3
6776.8 -2503.1 -0.3 285 0 14.0 34.8 14.0 3.5 2 1 4 2 2
6752.2 -2531.1 -0.2 105 0 13.9 36.9 14.0 3.5 2 1 4 5 5
6702.2 -2463.6 0.3 288 0 10.5 33.0 14.0 3.5 2 0 4 4 4
6678.0 -2526.2 0.2 194 0 11.6 12.1 14.0 3.5 4 1 4 4 4
6727.6 -2478.0 0.2 289 0 10.5 26.0 14.0 3.5 2 1 4 2 2
6715.9 -2471.3 0.3 287 0 8.5 29.6 10.5 0.0 0 0 3 5 5
6743.2 -2537.6 -0.1 15 0 11.2 25.0 14.0 3.5 2 1 4 3 3
6721.1 -2388.8 0.6 287 0 13.9 21.7 14.0 3.5 2 0 4 2 2
6770.2 -2403.6 0.3 282 0 11.8 18.4 14.0 3.5 2 1 4 3 3
6694.5 -2398.9 0.7 285 0 7.7 12.0 10.5 3.5 2 1 3 5 5
6527.4 -2811.5 -1.5 103 0 24.4 39.3 14.0 0.0 0 1 4 4 4
6495.2 -2803.3 -2.1 103 0 24.4 39.3 14.0 0.0 0 1 4 3 3
6458.7 -2793.7 -2.2 103 0 24.4 39.3 14.0 0.0 0 1 4 3 3
6425.8 -2784.6 -1.9 103 0 24.4 39.3 14.0 0.0 0 1 4 4 4
6375.7 -2706.8 -1.8 193 0 39.3 24.4 14.0 0.0 0 0 4 2 2
6410.8 -2713.3 -1.8 193 0 39.3 24.4 14.0 0.0 0 0 4 1 1
6469.6 -2746.7 -1.9 103 0 24.4 39.3 14.0 0.0 0 1 4 3 3
6521.0 -2736.5 -1.7 13 0 39.3 24.4 14.0 0.0 0 0 4 0 0
6554.7 -2743.3 -1.2 13 0 39.3 24.4 14.0 0.0 0 0 4 0 0
6486.9 -2661.2 -1.8 283 0 24.4 39.3 14.0 0.0 0 1 4 2 2
6383.0 -2659.0 -1.4 193 0 39.3 24.4 14.0 0.0 0 0 4 3 3
6561.6 -2701.5 -1.4 13 0 23.4 24.8 14.0 3.5 2 1 4 3 3
6528.4 -2696.2 -1.6 13 0 23.4 24.8 14.0 3.5 2 1 4 1 1
6534.2 -2643.2 -1.4 283 0 24.7 23.4 14.0 3.5 2 0 4 5 5
6575.6 -2665.6 -1.4 13 0 23.4 24.7 14.0 3.5 2 1 4 1 1
6414.9 -2672.7 -1.6 193 0 23.4 24.7 14.0 3.5 2 1 4 0 0
6435.4 -2640.5 -1.6 193 0 23.4 24.7 14.0 3.5 2 1 4 0 0
6388.5 -2620.5 -1.5 195 0 18.9 43.6 14.0 3.5 2 1 4 5 5
6808.3 -2581.2 -0.7 22 0 15.3 15.9 14.0 3.5 4 1 4 0 0
6656.6 -2266.5 1.0 286 0 15.5 21.1 17.5 3.5 2 1 5 0 0
6639.9 -2344.9 1.3 107 0 15.7 41.3 17.5 3.5 2 1 5 3 3
6717.4 -2326.7 1.2 106 0 11.0 10.6 17.5 3.5 2 0 5 5 5
6711.2 -2349.5 1.5 106 0 11.0 10.6 17.5 3.5 2 0 5 0 0
6708.5 -2290.3 1.0 286 0 7.1 15.9 10.5 3.5 2 1 3 1 1
6682.0 -2345.4 1.4 106 0 6.6 15.7 10.5 3.5 2 1 3 3 3
6667.7 -2294.7 1.2 286 0 12.7 10.2 17.5 3.5 2 0 5 4 4
6603.1 -2299.4 1.1 195 0 9.7 31.3 10.5 3.5 2 0 3 5 5
6601.7 -2308.6 1.2 182 0 8.6 29.5 10.5 3.5 2 0 3 2 2
6609.7 -2290.0 1.1 196 0 12.0 27.7 17.5 3.5 2 0 5 1 1
6616.7 -2279.7 1.1 195 0 12.2 24.0 17.5 3.5 2 0 5 2 2
6637.7 -2258.2 1.0 285 0 18.9 11.0 17.5 3.5 2 0 5 4 4
6619.6 -2269.3 1.1 196 0 9.5 24.0 10.5 3.5 2 0 3 4 4
6594.2 -2285.7 0.9 7 0 5.3 9.0 10.5 3.5 2 1 3 0 0
6549.0 -2400.6 1.2 289 0 12.0 28.7 17.5 3.5 2 0 5 0 0
6574.2 -2414.2 1.0 21 0 23.1 21.8 17.5 3.5 2 0 5 5 5
6417.1 -2142.4 -0.7 105 0 7.7 46.8 10.5 0.0 0 1 3 4 4
6391.3 -2140.9 -0.8 108 0 11.7 30.6 17.5 0.0 0 1 5 3 3
6757.2 -2401.5 0.3 284 0 13.6 17.2 14.0 3.5 2 1 4 3 3
-4307.1 -5602.0 -6.9 181 0 99.8 71.0 14.0 0.0 0 0 4 1 1
2626.6 -5891.5 0.1 1 0 13.2 20.2 14.0 3.5 2 1 4 2 2
4010.1 -1379.9 1.5 105 0 17.3 37.9 17.5 3.5 2 1 5 5 5
4630.4 -2144.9 -0.5 7 0 17.1 10.0 17.5 3.5 2 0 5 3 3
6429.7 -2302.3 -0.1 104 0 12.2 19.5 2.5 2.5 4 1 1 3 3
3287.2 -1159.2 3.5 99 0 8.1 25.5 10.5 3.5 2 1 3 4 4
2462.8 -1013.3 2.9 97 0 15.0 26.4 17.5 3.5 2 1 5 2 2
2316.7 -882.8 2.7 281 0 11.6 17.9 2.5 2.5 2 1 1 4 4
3237.7 -1214.0 3.2 13 0 10.9 39.0 14.0 3.5 2 1 4 2 2
