578.9 -4057.3 -0.6 179 0 59.8 11.2 12.5 2.5 2 0 5 5 5
103.2 -4272.8 -3.9 1 0 17.0 19.9 7.5 0.0 0 1 3 2 2
58.2 -4340.2 -4.4 88 0 24.3 17.5 12.5 0.0 0 0 5 5 5
56.4 -4315.5 -4.2 88 0 24.3 17.5 12.5 2.5 2 0 5 4 4
44.0 -4282.2 -4.2 178 0 17.5 24.3 12.5 2.5 2 1 5 4 4
55.1 -4248.1 -4.2 268 0 24.3 17.5 12.5 2.5 2 0 5 1 1
55.1 -4222.6 -4.4 268 0 24.3 17.5 12.5 2.5 2 0 5 1 1
800.3 -5416.4 -4.9 58 0 59.6 119.9 10.0 0.0 0 1 4 2 2
645.0 -4026.7 -0.5 269 0 20.0 50.4 12.5 2.5 2 1 5 1 1
707.7 -3897.4 2.3 176 0 23.9 9.4 7.5 2.5 2 0 3 4 4
-1404.7 -1952.2 -1.7 141 0 10.2 22.1 2.5 2.5 2 1 1 4 4
-3518.0 -3454.3 -0.5 240 0 18.6 31.4 10.5 3.5 2 1 3 0 0
-3679.6 -3852.5 0.2 76 0 60.0 131.7 10.5 0.0 0 1 3 4 4
-4294.9 -3923.6 -5.2 75 0 14.2 19.0 10.0 2.5 2 1 4 2 2
204.1 -4832.9 -5.4 142 0 103.9 100.0 10.0 0.0 0 0 4 3 3
-2736.0 -6442.1 -5.9 5 0 39.4 37.8 12.5 0.0 0 0 5 0 0
-2782.5 -6615.0 -6.0 94 0 39.4 40.0 7.5 0.0 0 1 3 0 0
-2728.6 -6599.3 -6.4 185 0 38.8 38.3 5.0 0.0 0 0 2 2 2
-2796.0 -6642.3 -5.4 273 0 15.8 8.8 5.0 2.5 2 0 2 2 2
1132.5 -5358.5 -0.4 241 0 228.0 96.6 10.0 0.0 0 0 4 1 1
1138.5 -5622.1 -1.8 152 0 72.8 176.2 10.0 0.0 0 1 4 0 0
1099.0 -5340.3 0.5 58 0 54.5 138.5 10.0 0.0 0 1 4 1 1
