1972.4 1008.1 -6.0 67 0 18.8 20.5 10.0 2.5 2 1 4 1 1
-3724.1 4728.3 -10.0 317 0 27.9 13.8 10.0 2.5 2 0 4 4 4
-1095.2 4274.5 -8.9 7 0 19.2 10.4 7.5 0.0 0 0 3 3 3
-3894.6 4421.2 -9.7 143 0 27.1 37.4 7.5 0.0 0 1 3 1 1
1038.4 640.0 -4.4 337 0 26.9 32.7 7.5 0.0 0 1 3 4 4
-1141.3 4303.2 -8.9 97 0 8.4 15.3 5.0 2.5 2 1 2 5 5
-1673.9 4381.8 -8.4 60 0 6.3 8.9 7.5 2.5 2 1 3 0 0
2333.8 4269.6 -7.7 141 0 21.8 20.7 7.5 2.5 2 0 3 3 3
-3710.3 4757.2 -10.1 138 0 23.3 7.8 5.0 2.5 2 0 2 5 5
-1084.8 4116.2 -7.8 275 0 16.0 29.7 7.5 2.5 2 1 3 2 2
1015.2 1231.3 -4.9 314 0 26.9 12.2 10.0 2.5 2 0 4 0 0
-3840.7 4887.3 -10.3 132 0 6.2 8.9 5.0 2.5 2 1 2 0 0
2447.6 3891.1 -4.7 98 0 19.2 41.5 7.5 2.5 2 1 3 0 0
1333.1 261.5 -4.0 165 0 16.1 14.2 5.0 2.5 2 0 2 0 0
-3833.8 4900.6 -10.4 218 0 5.4 18.9 5.0 2.5 2 1 2 4 4
-1055.6 4116.2 -7.9 186 0 26.9 10.6 15.0 0.0 0 0 6 5 5
-1292.0 4229.3 -8.2 95 0 23.4 31.8 5.0 0.0 0 1 2 2 2
-3675.5 4277.8 -9.8 180 0 20.9 14.2 10.0 2.5 2 0 4 3 3
1003.4 3711.2 1.9 90 0 7.8 7.9 5.0 0.0 0 1 2 0 0
-1142.4 4290.1 -8.8 276 0 9.6 15.7 7.5 2.5 2 1 3 3 3
250.3 3561.1 -2.6 270 0 19.8 7.7 7.5 2.5 2 0 3 1 1
2423.4 3894.5 -4.9 98 0 21.3 41.5 10.0 0.0 0 1 4 5 5
-984.4 4105.7 -8.0 275 0 13.5 27.5 7.5 2.5 2 0 3 5 5
-3595.8 4281.8 -9.9 89 0 33.4 35.7 5.0 0.0 0 1 2 0 0
-1126.5 4245.5 -8.7 95 0 10.9 25.8 7.5 2.5 2 1 3 0 0
-1779.3 3914.2 -6.0 275 0 27.9 30.9 10.0 0.0 0 1 4 5 5
-3114.8 -1636.0 -3.6 10 0 10.3 13.0 5.0 2.5 2 1 2 3 3
-4131.0 -1613.5 -2.5 320 0 34.6 36.8 7.5 0.0 0 1 3 2 2
-3561.1 -313.0 1.8 276 0 49.8 75.3 10.0 0.0 0 1 4 1 1
-3966.8 4828.1 -9.9 22 0 18.6 17.1 7.5 2.5 4 0 3 5 5
-3492.6 4486.7 -10.1 46 0 13.3 31.5 7.5 2.5 2 1 3 2 2
-3962.1 4452.5 -9.6 242 0 16.9 19.6 7.5 2.5 2 1 3 3 3
-3773.6 4240.0 -9.6 306 0 21.7 12.1 10.0 2.5 2 0 4 4 4
-3831.3 4211.6 -9.6 135 0 9.6 39.7 7.5 2.5 2 1 3 0 0
-3859.6 4244.3 -9.6 135 0 6.6 28.8 5.0 2.5 2 1 2 4 4
-3906.0 4235.5 -9.5 223 0 14.7 19.0 10.0 2.5 4 1 4 5 5
-3965.1 4097.1 -9.4 132 0 39.4 23.2 10.0 0.0 0 0 4 3 3
-4002.7 4265.9 -9.5 221 0 21.6 29.3 7.5 2.5 2 1 3 3 3
-3955.9 4163.0 -9.5 133 0 44.5 63.4 7.5 0.0 0 1 3 3 3
-3972.2 4296.6 -9.5 135 0 9.4 10.1 7.5 2.5 2 1 3 3 3
-4050.6 4039.0 -9.2 228 0 12.7 18.1 2.5 0.0 0 1 1 5 5
-4009.0 4527.9 -9.6 65 0 31.6 21.9 10.0 0.0 0 0 4 0 0
-3653.5 4301.0 -9.8 90 0 8.1 18.0 5.0 2.5 2 1 2 4 4
-3851.3 4454.3 -9.7 322 0 27.3 15.2 15.0 0.0 0 0 6 1 1
-5237.6 4085.2 -6.8 125 0 21.9 44.5 10.0 2.5 2 1 4 0 0
-5220.1 4129.7 -6.8 127 0 10.9 13.4 7.5 2.5 2 1 3 3 3
-5193.5 4126.0 -6.9 307 0 10.9 13.4 5.0 2.5 2 1 2 5 5
-4063.4 -1767.5 0.2 188 0 13.0 10.3 7.5 2.5 2 0 3 3 3
-4738.4 -2288.4 -8.5 189 0 9.8 16.7 7.5 0.0 0 1 3 0 0
-4706.1 -2265.9 -8.4 304 0 5.8 9.9 5.0 0.0 0 1 2 4 4
-4688.2 -2254.1 -8.2 323 0 5.8 9.9 7.5 0.0 0 1 3 4 4
-4429.3 -2136.6 -5.9 278 0 9.8 31.9 7.5 0.0 0 1 3 2 2
-4514.4 -2146.3 -6.7 187 0 9.3 8.1 7.5 2.5 2 0 3 2 2
-4716.1 -1705.1 -5.9 276 0 6.4 8.0 7.5 2.5 2 1 3 5 5
-4873.4 4813.8 -8.9 239 0 60.5 20.7 10.0 2.5 2 0 4 2 2
-4860.7 5004.1 -9.3 34 0 35.9 34.1 12.5 0.0 0 0 5 3 3
-5128.7 5111.2 -0.2 138 0 6.9 12.8 7.5 2.5 2 1 3 0 0
-5095.6 5060.9 1.8 225 0 79.7 15.0 12.5 2.5 2 0 5 5 5
-5053.0 5048.3 4.8 227 0 41.2 29.2 12.5 0.0 0 0 5 5 5
-5342.4 5254.3 -9.4 46 0 8.1 24.2 7.5 2.5 2 1 3 0 0
-5397.4 5173.6 -6.7 136 0 22.7 27.8 7.5 2.5 2 1 3 2 2
-5373.2 5120.5 -6.3 134 0 9.1 16.0 5.0 2.5 2 1 2 4 4
-5315.5 5079.2 -7.0 138 0 15.8 24.7 7.5 2.5 2 1 3 2 2
-5135.2 4836.6 -8.1 314 0 22.0 13.5 7.5 2.5 2 0 3 0 0
-5162.5 4858.7 -7.7 314 0 28.7 20.4 10.0 0.0 0 0 4 3 3
-5220.0 4749.3 -7.1 316 0 29.6 13.7 7.5 2.5 2 0 3 2 2
-5032.7 4891.2 -8.8 82 0 15.6 20.8 10.0 2.5 2 1 4 5 5
-5054.4 4846.8 -8.7 189 0 16.5 13.0 2.5 2.5 2 0 1 1 1
-5091.2 4942.0 -5.3 317 0 8.0 23.7 2.5 2.5 2 1 1 1 1
-5115.2 4965.0 -3.2 226 0 10.5 18.1 7.5 2.5 2 1 3 4 4
-5135.6 4943.8 -6.9 226 0 9.9 16.7 7.5 2.5 2 1 3 0 0
-5148.4 4983.7 -2.9 45 0 17.7 11.6 7.5 0.0 0 0 3 3 3
-5067.0 5173.5 -2.6 135 0 7.2 12.3 2.5 2.5 2 1 1 5 5
-3780.8 3653.7 -9.2 281 0 12.1 27.6 7.5 2.5 2 1 3 1 1
-3732.9 3679.8 -9.3 10 0 23.7 17.0 10.0 2.5 2 0 4 2 2
-3229.7 3797.5 -5.9 68 0 33.3 18.9 7.5 0.0 0 0 3 5 5
-3181.3 3817.1 -6.0 68 0 33.3 18.9 7.5 0.0 0 0 3 3 3
-3185.8 3617.4 -4.9 279 0 34.5 25.3 10.0 0.0 0 0 4 0 0
-2863.1 3794.7 -5.8 315 0 36.6 17.0 7.5 0.0 0 0 3 5 5
-2841.3 3818.1 -6.0 135 0 36.6 17.0 12.5 2.5 2 0 5 5 5
-2837.7 3792.6 -5.8 223 0 36.7 13.0 10.0 2.5 2 0 4 2 2
-2837.8 3757.1 -5.6 314 0 11.8 22.4 7.5 2.5 2 1 3 3 3
-2851.9 3615.1 -4.9 9 0 21.0 43.6 10.0 2.5 2 1 4 0 0
-3790.3 -185.1 -2.5 97 0 21.3 34.5 7.5 0.0 0 1 3 5 5
-3818.0 30.9 -4.1 99 0 13.5 24.4 7.5 2.5 2 1 3 3 3
-3779.7 87.3 -4.5 8 0 20.3 15.0 7.5 2.5 2 0 3 5 5
-3790.2 49.7 -4.2 98 0 23.1 10.0 5.0 2.5 4 0 2 1 1
-3088.6 384.5 5.7 181 0 9.7 8.5 7.5 2.5 2 0 3 1 1
-3923.1 -2215.8 -2.1 183 0 20.6 15.2 7.5 2.5 4 0 3 0 0
-3933.0 -2418.4 -3.5 182 0 31.8 15.6 7.5 2.5 2 0 3 1 1
-3908.7 -2419.1 -3.6 182 0 31.8 15.6 10.0 2.5 4 0 4 0 0
-3853.7 -2436.2 -3.8 92 0 15.6 31.8 7.5 2.5 2 1 3 5 5
-3877.9 -2435.5 -3.7 92 0 15.6 31.8 10.0 2.5 2 1 4 4 4
-3855.1 -2481.3 -4.2 92 0 15.6 31.8 12.5 2.5 2 1 5 1 1
-3879.4 -2480.6 -4.1 92 0 15.6 31.8 7.5 2.5 2 1 3 3 3
-3903.0 -2480.4 -4.1 92 0 15.6 31.8 10.0 2.5 2 1 4 3 3
-3927.3 -2479.7 -4.1 92 0 15.6 31.8 10.0 2.5 4 1 4 0 0
-3881.5 -2498.0 -4.7 272 0 15.6 31.8 10.0 2.5 2 1 4 4 4
-3905.1 -2497.7 -4.8 272 0 15.6 31.8 12.5 2.5 2 1 5 5 5
-3937.8 -2512.6 -5.0 182 0 31.8 15.6 7.5 2.5 2 0 3 2 2
-3810.7 -2349.4 -3.8 182 0 55.9 27.1 10.0 0.0 0 0 4 3 3
-3826.3 -2342.9 -3.3 92 0 17.6 29.5 10.0 2.5 2 1 4 4 4
-3922.7 -2351.5 -3.0 270 0 16.3 22.0 7.5 2.5 2 1 3 3 3
-3896.6 -2352.7 -3.1 274 0 16.4 22.0 10.0 2.5 2 1 4 0 0
-3873.0 -2353.9 -3.3 274 0 16.3 22.0 7.5 0.0 0 1 3 0 0
-3830.9 -2482.6 -4.3 92 0 15.6 31.8 10.0 2.5 2 1 4 2 2
-3933.6 -2533.1 -5.4 271 0 9.8 15.2 5.0 2.5 2 1 2 0 0
-4944.5 -1714.1 -4.5 6 0 9.8 22.2 5.0 2.5 2 1 2 2 2
-4897.3 -2022.3 -6.9 188 0 67.7 53.8 7.5 0.0 0 0 3 5 5
-4785.5 -1709.1 -5.6 278 0 27.1 21.5 7.5 2.5 2 0 3 0 0
-4935.1 -2002.0 -6.5 278 0 46.9 53.0 7.5 0.0 0 1 3 3 3
-6791.5 -1386.8 -3.9 93 0 20.2 52.6 7.5 2.5 2 1 3 0 0
-6832.7 -1335.3 -5.5 94 0 38.9 27.7 15.0 0.0 0 0 6 1 1
-6790.0 -795.0 -6.1 5 0 23.0 22.3 5.0 2.5 2 0 2 5 5
-6736.8 -824.9 -6.2 2 0 27.4 16.0 7.5 2.5 2 0 3 5 5
-6707.9 -910.2 -6.1 3 0 11.1 18.7 10.0 2.5 2 1 4 4 4
-6445.0 -858.4 -6.1 93 0 53.9 24.2 10.0 2.5 2 0 4 3 3
-6526.3 -825.3 -6.2 273 0 53.9 24.2 7.5 2.5 4 0 3 5 5
-6664.9 -757.8 -6.3 94 0 31.6 20.1 12.5 0.0 0 0 5 4 4
-6908.9 -1069.6 -6.6 95 0 42.4 24.0 7.5 0.0 0 0 3 1 1
-6632.1 -382.6 -6.5 275 0 20.6 18.2 10.0 2.5 2 0 4 5 5
-6471.0 -311.1 -6.7 272 0 51.3 23.9 7.5 2.5 2 0 3 4 4
-6421.8 -136.3 -6.9 94 0 70.0 23.4 10.0 0.0 0 0 4 1 1
-6783.2 -274.0 -4.3 184 0 28.3 19.8 7.5 2.5 2 0 3 0 0
-5003.6 3893.5 -7.2 237 0 27.9 15.6 10.0 2.5 2 0 4 0 0
-6751.5 5537.2 -11.7 100 0 15.8 24.1 15.0 0.0 0 1 6 5 5
-6915.7 5545.9 -10.0 136 0 11.2 19.1 7.5 0.0 0 1 3 1 1
2476.0 4244.2 -7.1 189 0 38.5 12.7 7.5 2.5 2 0 3 3 3
2321.5 4002.8 -6.1 7 0 30.9 16.3 10.0 2.5 4 0 4 5 5
2298.1 3974.5 -5.8 323 0 11.1 11.2 5.0 2.5 4 1 2 0 0
2301.8 3913.5 -5.4 6 0 8.4 12.8 2.5 2.5 2 1 1 3 3
-3998.8 -1861.0 -0.1 143 0 14.8 21.9 7.5 2.5 2 1 3 4 4
-3966.2 -1836.0 0.4 322 0 15.0 18.5 7.5 2.5 2 1 3 0 0
-6501.3 257.3 -1.4 273 0 16.4 15.0 2.5 2.5 2 0 1 1 1
-6503.2 211.6 -1.9 273 0 16.4 15.0 5.0 2.5 2 0 2 5 5
-6580.5 164.1 -1.5 273 0 15.9 35.2 12.5 2.5 2 1 5 5 5
-6377.7 0.4 -7.0 91 0 15.4 14.5 5.0 2.5 2 0 2 1 1
1419.6 778.3 -4.5 66 0 13.3 45.3 7.5 2.5 2 1 3 0 0
-1081.0 4149.0 -8.3 96 0 18.9 45.1 7.5 2.5 4 1 3 1 1
-3422.1 4333.7 -10.1 44 0 6.1 14.0 7.5 2.5 2 1 3 5 5
-3662.7 4538.1 -10.0 45 0 13.1 41.4 7.5 2.5 2 1 3 0 0
2233.6 3712.6 -4.2 90 0 7.3 22.7 7.5 2.5 2 1 3 2 2
2520.6 4061.1 -5.6 98 0 10.5 26.8 7.5 2.5 2 1 3 0 0
2537.5 4063.6 -5.3 188 0 7.6 10.0 7.5 2.5 2 1 3 3 3
2495.2 4368.6 -7.6 187 0 8.0 11.3 7.5 2.5 2 1 3 4 4
-1338.9 4330.7 -8.7 95 0 12.9 15.2 7.5 2.5 2 1 3 1 1
-5228.8 5311.3 -10.2 265 0 15.0 15.5 5.0 2.5 2 1 2 4 4
-2284.2 -1463.6 -4.2 149 0 12.7 19.4 2.5 2.5 2 1 1 0 0
-2229.4 -1451.6 -4.4 58 0 11.9 26.3 10.0 2.5 2 1 4 0 0
-2202.6 -1435.4 -4.4 60 0 16.9 11.5 7.5 2.5 2 0 3 0 0
-2219.3 -1478.4 -4.3 241 0 8.8 22.5 7.5 2.5 2 1 3 3 3
-2152.2 -1680.0 -4.0 158 0 22.4 9.8 5.0 2.5 2 0 2 4 4
-2100.2 -1724.5 -4.0 339 0 58.6 8.7 7.5 2.5 2 0 3 4 4
-2123.6 -1664.5 -4.1 339 0 58.6 8.7 7.5 2.5 2 0 3 1 1
-2126.5 -1589.5 -4.4 150 0 16.4 24.6 12.5 2.5 2 1 5 0 0
-2091.8 -1569.7 -4.4 328 0 12.1 8.0 7.5 2.5 2 0 3 1 1
-2129.5 -1570.5 -4.4 152 0 17.9 9.7 5.0 2.5 2 0 2 3 3
-2159.4 -1509.9 -4.4 148 0 29.7 8.3 5.0 2.5 2 0 2 2 2
-3848.4 4866.2 -10.1 318 0 14.3 20.3 7.5 2.5 2 1 3 5 5
-3361.5 4379.3 -10.2 315 0 11.8 20.3 5.0 2.5 2 1 2 5 5
-3890.2 4805.4 -9.9 224 0 7.1 13.7 7.5 2.5 2 1 3 3 3
1348.0 218.9 -3.9 77 0 6.7 15.2 5.0 2.5 2 1 2 2 2
1499.4 955.2 -4.6 114 0 17.0 16.6 7.5 2.5 2 0 3 0 0
1457.5 800.9 -4.5 69 0 15.7 20.8 10.0 2.5 4 1 4 5 5
-1675.5 494.6 2.9 276 0 8.6 5.1 2.5 2.5 2 0 1 4 4
-3427.0 -1867.3 -2.8 49 0 7.9 13.6 5.0 0.0 0 1 2 4 4
-3637.7 -2123.4 -2.9 252 0 6.7 10.4 5.0 0.0 0 1 2 1 1
-3675.9 -2115.7 -2.7 250 0 22.7 7.6 5.0 2.5 2 0 2 2 2
-3686.0 -2168.8 -2.9 74 0 10.5 5.4 5.0 2.5 2 0 2 1 1
-3697.0 -2137.7 -2.8 252 0 17.9 19.0 10.0 2.5 2 1 4 0 0
-3868.4 -2185.7 -2.2 249 0 16.8 11.1 5.0 2.5 2 0 2 4 4
-3826.9 -2356.1 -3.6 272 0 21.5 33.1 7.5 0.0 0 1 3 1 1
-3772.3 -2484.2 -4.7 90 0 26.9 32.8 10.0 0.0 0 1 4 2 2
-3735.8 -2490.1 -5.0 180 0 12.0 19.4 2.5 2.5 2 1 1 0 0
-4167.1 -2529.5 -5.6 93 0 61.0 9.8 7.5 2.5 2 0 3 0 0
-4163.6 -2499.3 -5.2 272 0 17.5 12.3 5.0 2.5 2 0 2 2 2
-4216.9 -2483.6 -5.0 185 0 7.2 10.2 5.0 2.5 2 1 2 1 1
-4221.7 -1652.4 -3.0 6 0 13.5 23.0 5.0 2.5 2 1 2 3 3
-4597.5 -2136.7 -7.7 41 0 5.8 10.0 5.0 0.0 0 1 2 1 1
-4551.5 -2202.6 -7.6 270 0 12.1 15.7 7.5 2.5 2 1 3 5 5
-4134.7 -1915.6 -3.1 188 0 16.7 27.2 7.5 2.5 4 1 3 2 2
-6572.2 465.0 -1.7 273 0 36.8 32.3 7.5 0.0 0 0 3 4 4
-6640.6 363.7 -2.6 4 0 12.6 14.5 5.0 2.5 2 1 2 1 1
-5256.3 -363.2 -5.2 11 0 14.7 10.8 5.0 2.5 2 0 2 3 3
-5229.3 -295.6 -5.1 190 0 8.5 8.8 7.5 2.5 2 1 3 1 1
-5622.2 3950.1 -4.8 305 0 31.6 55.6 7.5 0.0 0 1 3 4 4
-5892.5 4124.0 -5.9 35 0 30.1 71.1 7.5 0.0 0 1 3 0 0
-6402.2 5356.4 -10.5 98 0 10.5 15.6 7.5 0.0 0 1 3 1 1
-3782.7 -243.4 -1.9 6 0 20.2 22.9 10.0 0.0 0 1 4 0 0
-3786.3 320.1 -5.6 290 0 25.2 19.5 10.0 2.5 2 0 4 5 5
-5015.7 4036.7 -7.4 306 0 22.0 28.5 10.0 0.0 0 1 4 4 4
-5105.9 4089.3 -7.1 306 0 16.1 23.8 5.0 2.5 2 1 2 3 3
-5076.9 4045.3 -7.1 309 0 18.6 16.1 12.5 2.5 2 0 5 1 1
-5123.0 4048.0 -7.1 218 0 16.2 37.4 10.0 2.5 2 1 4 0 0
-5420.8 4179.8 -5.1 123 0 10.4 9.1 7.5 2.5 2 0 3 3 3
-5464.7 4189.0 -5.2 303 0 10.4 9.1 7.5 2.5 2 0 3 0 0
-5072.5 5182.8 -5.0 41 0 13.6 9.1 5.0 2.5 2 0 2 0 0
-5058.9 -2021.5 -5.4 7 0 15.6 8.6 2.5 2.5 2 0 1 0 0
-5048.6 -2007.2 -5.4 7 0 15.3 8.5 7.5 2.5 2 0 3 1 1
-5055.4 -1990.9 -5.3 5 0 15.4 8.1 7.5 2.5 2 0 3 0 0
-5075.3 -2003.6 -5.3 187 0 15.3 8.5 5.0 2.5 2 0 2 5 5
-5085.6 -2017.9 -5.3 187 0 15.6 8.6 2.5 2.5 2 0 1 5 5
-5100.8 -1908.9 -4.6 5 0 26.4 7.8 2.5 2.5 2 0 1 4 4
-5088.1 -1881.3 -4.5 7 0 28.7 8.2 2.5 2.5 2 0 1 2 2
-5127.1 -1905.9 -4.5 185 0 26.4 7.8 7.5 2.5 2 0 3 3 3
-5121.4 -1927.3 -4.6 187 0 15.3 8.5 7.5 2.5 2 0 3 5 5
-5142.2 -1889.9 -4.5 275 0 7.8 26.4 7.5 2.5 2 0 3 3 3
-5138.3 -1932.2 -4.6 97 0 8.5 15.3 5.0 2.5 2 0 2 5 5
-5114.4 -1877.9 -4.4 187 0 28.7 8.2 7.5 2.5 2 0 3 1 1
-5120.2 -1855.2 -4.3 186 0 15.5 8.3 2.5 2.5 2 0 1 1 1
-5170.4 -1936.1 -4.7 187 0 15.6 8.6 2.5 2.5 2 0 1 1 1
-5165.7 -1900.4 -4.7 185 0 26.4 7.8 2.5 2.5 2 0 1 5 5
-5167.6 -1992.5 -4.9 7 0 15.6 8.6 5.0 2.5 2 0 2 2 2
-5155.7 -1993.6 -4.8 187 0 15.6 8.6 5.0 2.5 2 0 2 4 4
-5145.3 -1979.2 -4.8 187 0 15.3 8.5 2.5 2.5 2 0 1 3 3
-5132.2 -2004.4 -4.9 97 0 8.5 15.3 5.0 2.5 2 1 2 3 3
-5113.7 -2006.4 -5.0 97 0 8.5 15.3 5.0 0.0 0 1 2 1 1
-5127.4 -1869.7 -4.4 7 0 15.1 8.3 5.0 2.5 2 0 2 1 1
-5132.8 -1848.4 -4.4 8 0 26.0 8.2 7.5 2.5 2 0 3 4 4
-5120.3 -1821.0 -4.3 8 0 31.9 8.3 7.5 2.5 2 0 3 5 5
-5145.2 -1818.1 -4.3 188 0 31.9 8.3 7.5 2.5 2 0 3 0 0
-5157.6 -1845.5 -4.5 189 0 26.0 8.2 5.0 2.5 2 0 2 4 4
-4668.0 -1920.4 -7.0 94 0 10.3 13.8 5.0 2.5 4 1 2 1 1
-4688.7 -1976.6 -7.3 96 0 10.3 13.8 7.5 2.5 2 1 3 5 5
-5176.0 -1894.6 -4.7 8 0 22.9 8.4 5.0 2.5 4 0 2 3 3
-4783.3 -1768.2 -5.9 98 0 36.5 25.0 12.5 0.0 0 0 5 4 4
-1018.2 4110.3 -7.9 276 0 22.2 10.8 7.5 2.5 4 0 3 0 0
-3630.6 -2371.6 -4.6 56 0 7.4 18.3 7.5 2.5 2 1 3 5 5
-3618.5 -2370.3 -4.8 236 0 18.2 7.5 5.0 2.5 2 0 2 2 2
-3827.4 -2436.9 -4.0 92 0 15.6 31.8 7.5 2.5 2 1 3 2 2
-3794.0 -2421.8 -4.1 2 0 31.6 14.4 7.5 2.5 2 0 3 3 3
-3749.1 -2378.8 -4.0 93 0 7.8 26.6 2.5 2.5 2 1 1 0 0
-3733.3 -2365.9 -4.1 3 0 26.6 7.8 7.5 2.5 4 0 3 4 4
-3902.0 -2280.1 -2.6 182 0 31.8 15.6 10.0 2.5 4 0 4 1 1
-3846.5 -2340.2 -3.2 91 0 16.3 22.0 7.5 2.5 2 1 3 1 1
-3922.8 -2273.7 -2.4 180 0 22.0 12.0 10.0 2.5 2 0 4 0 0
-3848.0 -2195.3 -2.4 272 0 15.6 31.8 10.0 2.5 2 1 4 4 4
-3949.8 -2504.5 -4.9 1 0 19.3 7.2 5.0 2.5 4 0 2 0 0
-4117.3 -2522.7 -5.5 89 0 10.0 17.2 5.0 0.0 0 1 2 4 4
-3698.4 -2172.6 -2.8 73 0 7.4 5.4 7.5 2.5 2 0 3 2 2
-3247.8 -2337.9 -5.6 58 0 11.0 65.8 10.0 2.5 2 1 4 4 4
-3225.5 -2278.1 -5.4 328 0 65.8 11.0 10.0 2.5 2 0 4 4 4
-3467.9 -2310.0 -5.5 238 0 34.9 16.2 5.0 0.0 0 0 2 1 1
-3486.2 -2291.1 -5.4 330 0 34.2 12.8 7.5 2.5 2 0 3 3 3
-3525.1 -2343.9 -5.2 58 0 7.4 47.2 7.5 2.5 2 1 3 5 5
-3566.9 -2335.8 -4.9 147 0 42.5 7.4 7.5 2.5 2 0 3 5 5
-3513.9 -2365.7 -5.8 239 0 39.7 7.5 7.5 2.5 2 0 3 1 1
-3502.5 -2347.8 -5.7 146 0 18.3 7.4 5.0 2.5 2 0 2 2 2
-3588.7 -2346.0 -4.7 56 0 7.4 18.3 5.0 2.5 2 1 2 0 0
-3623.7 -2336.6 -4.5 238 0 40.3 7.4 7.5 2.5 2 0 3 1 1
-3600.8 -2374.4 -5.0 236 0 7.4 18.3 7.5 2.5 4 1 3 0 0
-2944.9 -1961.6 -4.6 60 0 6.0 6.5 7.5 0.0 0 1 3 1 1
-3890.4 -2205.4 -2.2 273 0 11.8 20.6 7.5 2.5 2 1 3 5 5
-3868.3 -2206.3 -2.2 273 0 11.8 20.6 7.5 2.5 2 1 3 3 3
-3864.4 -2257.2 -2.5 93 0 11.8 20.6 7.5 2.5 2 1 3 3 3
-3877.4 -2251.2 -2.4 1 0 9.4 8.7 2.5 0.0 0 0 1 1 1
-3982.4 -2153.6 -2.4 188 0 14.7 7.4 7.5 2.5 2 0 3 1 1
-4455.6 -1899.0 -4.9 267 0 7.7 16.2 5.0 2.5 4 1 2 5 5
-3023.9 3855.7 -6.1 101 0 16.5 12.5 7.5 2.5 4 0 3 0 0
-3541.2 4290.5 -9.9 357 0 20.5 13.2 10.0 2.5 2 0 4 0 0
-3769.9 4257.9 -9.7 41 0 14.7 13.8 5.0 2.5 2 0 2 5 5
-4094.5 3832.8 -9.0 8 0 28.9 22.1 10.0 0.0 0 0 4 2 2
-5371.5 5236.5 -6.7 43 0 10.2 13.5 7.5 2.5 2 1 3 2 2
-5400.7 5206.2 -6.4 45 0 14.3 6.9 5.0 2.5 2 0 2 1 1
-5137.3 5121.5 -0.6 138 0 6.9 12.8 5.0 0.0 0 1 2 3 3
-5251.7 5057.3 -7.5 226 0 15.8 24.7 7.5 2.5 2 1 3 2 2
-4708.0 4941.4 -9.4 219 0 6.2 7.5 5.0 2.5 2 1 2 2 2
-5253.2 4679.2 -6.9 140 0 13.8 23.0 7.5 2.5 2 1 3 4 4
-5116.1 4819.5 -8.2 318 0 8.0 7.1 5.0 2.5 2 0 2 3 3
-2819.0 3842.5 -6.0 134 0 14.0 7.2 5.0 2.5 2 0 2 0 0
-3025.8 3693.2 -5.4 85 0 11.8 29.7 7.5 2.5 4 1 3 0 0
-3705.3 3641.5 -9.3 283 0 13.1 7.9 7.5 2.5 2 0 3 5 5
-3629.3 3625.7 -9.4 282 0 7.8 7.9 7.5 2.5 2 1 3 0 0
-6721.8 118.4 -4.0 5 0 15.3 32.5 10.0 2.5 2 1 4 4 4
-6772.2 34.7 -4.3 272 0 7.5 18.1 5.0 2.5 2 1 2 1 1
-6799.9 -469.9 -4.5 272 0 7.5 18.1 5.0 2.5 2 1 2 1 1
-3132.8 -2537.2 -6.7 357 0 6.7 11.2 2.5 2.5 2 1 1 0 0
-3118.8 -2536.6 -6.7 357 0 6.7 11.2 7.5 2.5 2 1 3 3 3
-3118.2 -2547.1 -6.8 357 0 6.7 11.2 2.5 2.5 2 1 1 4 4
-3118.2 -2557.5 -6.8 357 0 6.7 11.2 7.5 2.5 2 1 3 0 0
-3103.2 -2546.8 -6.6 357 0 6.7 11.2 5.0 2.5 4 1 2 0 0
-3103.5 -2536.3 -6.5 357 0 6.7 11.2 7.5 2.5 2 1 3 1 1
-3157.9 -2548.9 -6.6 177 0 6.7 11.2 7.5 2.5 2 1 3 5 5
-3074.3 -2535.4 -6.3 357 0 6.7 11.2 5.0 2.5 2 1 2 3 3
-3066.5 -2534.6 -6.1 355 0 7.3 6.7 7.5 2.5 2 0 3 4 4
-3131.3 -2156.0 -4.4 147 0 34.0 7.4 7.5 2.5 2 0 3 4 4
-3099.6 -2176.8 -4.1 147 0 34.0 7.4 7.5 2.5 2 0 3 2 2
-3125.7 -2250.0 -5.1 240 0 18.1 7.4 7.5 2.5 2 0 3 3 3
-3122.1 -2330.5 -5.5 57 0 7.4 30.1 7.5 2.5 2 1 3 1 1
-3207.7 -2226.2 -4.9 145 0 7.4 12.8 7.5 2.5 2 1 3 5 5
-3181.6 -2207.7 -4.8 325 0 7.4 12.8 2.5 2.5 2 1 1 5 5
-3054.8 -2148.6 -3.6 326 0 24.8 7.4 5.0 2.5 2 0 2 2 2
-3040.0 -2289.1 -4.6 57 0 7.4 45.6 7.5 2.5 2 1 3 1 1
-3067.9 -2245.6 -4.3 148 0 7.4 40.4 5.0 2.5 2 1 2 0 0
-2913.3 -2279.2 -4.1 58 0 7.4 39.9 7.5 0.0 0 1 3 2 2
-2879.6 -2258.2 -4.3 58 0 7.4 39.9 7.5 2.5 2 1 3 1 1
-2998.6 -2254.8 -3.9 56 0 7.4 24.8 5.0 0.0 0 1 2 0 0
-3057.7 -2183.1 -4.0 329 0 7.5 18.1 5.0 2.5 4 1 2 1 1
-3136.8 -2026.3 -4.1 326 0 34.9 7.4 7.5 0.0 0 0 3 5 5
-3139.0 -2129.5 -4.4 145 0 7.4 12.8 5.0 2.5 2 1 2 3 3
-2984.3 -2071.5 -4.4 328 0 7.4 28.0 5.0 2.5 2 1 2 1 1
-3006.4 -2174.8 -3.8 149 0 7.5 29.7 7.5 2.5 2 1 3 3 3
-2962.2 -2183.6 -3.9 147 0 45.6 7.4 7.5 2.5 2 0 3 1 1
-2921.1 -2174.5 -4.1 328 0 39.9 13.7 10.0 2.5 2 0 4 0 0
-2897.1 -2137.3 -4.4 238 0 7.4 39.9 7.5 2.5 2 1 3 3 3
-2905.4 -2130.2 -4.2 329 0 7.5 40.0 7.5 2.5 2 1 3 4 4
-2999.2 -2025.3 -4.6 326 0 24.8 7.4 2.5 2.5 2 0 1 3 3
-3045.9 -2051.4 -4.5 146 0 16.2 9.7 2.5 2.5 2 0 1 0 0
-3425.4 -2094.5 -3.6 55 0 28.2 8.7 7.5 2.5 2 0 3 3 3
-3384.0 -2080.9 -3.5 55 0 28.2 8.7 2.5 2.5 2 0 1 1 1
-3410.0 -2039.1 -3.3 235 0 28.2 8.7 5.0 2.5 2 0 2 1 1
-3370.8 -2042.6 -3.5 329 0 47.9 8.6 7.5 2.5 2 0 3 4 4
-2951.3 -2095.4 -4.0 330 0 7.0 9.5 5.0 2.5 2 1 2 3 3
-2993.0 -2046.6 -4.6 328 0 7.5 31.5 5.0 2.5 2 1 2 1 1
-3010.5 -2096.1 -3.7 236 0 7.4 24.8 2.5 2.5 2 1 1 3 3
-4061.3 -2490.1 -5.3 183 0 26.0 22.9 10.0 2.5 2 0 4 2 2
-5209.0 -1937.1 -4.9 98 0 15.3 11.7 2.5 2.5 2 0 1 1 1
-5211.2 -1898.4 -4.8 188 0 11.7 15.3 2.5 2.5 4 1 1 3 3
-5206.0 -1859.0 -5.0 188 0 11.7 15.3 5.0 2.5 2 1 2 5 5
-5203.8 -1842.7 -5.0 188 0 11.7 15.3 5.0 2.5 2 1 2 1 1
-4673.2 -2496.7 -9.0 273 0 9.1 4.9 5.0 2.5 2 0 2 5 5
-4366.4 -2521.0 -6.9 93 0 4.9 7.2 7.5 2.5 2 1 3 2 2
-4704.7 -2462.9 -8.9 183 0 4.9 9.1 5.0 2.5 2 1 2 2 2
-4701.0 -2474.2 -9.0 93 0 9.1 4.9 5.0 2.5 4 0 2 1 1
-4703.8 -2441.5 -8.9 183 0 4.9 9.1 5.0 2.5 2 1 2 2 2
-4716.5 -2471.0 -9.0 183 0 4.9 9.1 5.0 2.5 2 1 2 1 1
-4755.9 -2415.0 -8.9 1 0 9.2 7.2 2.5 2.5 4 0 1 0 0
-4690.4 -2518.0 -9.0 183 0 4.9 9.1 5.0 2.5 2 1 2 5 5
-4606.1 -2481.3 -9.4 93 0 9.1 4.9 7.5 2.5 4 0 3 4 4
-4595.7 -2481.8 -9.3 93 0 9.1 4.9 7.5 2.5 2 0 3 0 0
-4612.7 -2503.3 -9.5 183 0 4.9 9.1 2.5 0.0 0 1 1 2 2
-4612.5 -2495.7 -9.5 183 0 4.9 9.1 5.0 2.5 4 1 2 1 1
-4582.4 -2461.4 -9.1 184 0 9.2 4.9 5.0 2.5 2 0 2 0 0
-4645.9 -2522.5 -9.3 183 0 4.9 9.1 2.5 2.5 2 1 1 3 3
-4520.3 -2512.3 -8.7 3 0 4.9 9.1 2.5 2.5 2 1 1 3 3
-4533.0 -2486.1 -8.6 93 0 9.1 4.9 7.5 2.5 2 0 3 3 3
-4544.2 -2472.9 -8.7 3 0 4.9 9.1 7.5 2.5 2 1 3 1 1
-4543.5 -2463.3 -8.7 3 0 4.9 9.1 2.5 2.5 2 1 1 2 2
-4564.6 -2481.2 -8.9 183 0 4.9 9.1 5.0 2.5 2 1 2 1 1
-4544.8 -2482.1 -8.8 3 0 4.9 9.1 5.0 0.0 0 1 2 2 2
-4340.1 -2352.8 -5.8 188 0 27.5 8.8 2.5 2.5 2 0 1 4 4
-4313.2 -2356.2 -5.6 8 0 27.5 8.8 7.5 2.5 2 0 3 1 1
-4304.0 -2343.9 -5.4 189 0 53.8 8.8 7.5 2.5 2 0 3 5 5
-4278.6 -2347.4 -5.2 8 0 53.8 8.8 7.5 2.5 2 0 3 4 4
-4269.6 -2287.4 -4.8 8 0 53.8 8.8 7.5 0.0 0 0 3 1 1
-4295.0 -2283.9 -5.0 188 0 53.8 8.8 7.5 2.5 2 0 3 4 4
-4240.8 -2351.9 -4.8 8 0 53.8 8.9 7.5 2.5 2 0 3 4 4
-4266.3 -2348.4 -5.0 188 0 53.8 8.8 7.5 2.5 2 0 3 1 1
-4232.2 -2293.3 -4.4 8 0 53.8 8.8 7.5 2.5 2 0 3 0 0
-4257.7 -2289.8 -4.6 189 0 53.8 8.8 7.5 2.5 2 0 3 3 3
-4231.1 -2353.1 -4.6 189 0 53.8 8.8 7.5 2.5 4 0 3 4 4
-4221.5 -2288.1 -4.2 188 0 48.7 8.8 7.5 2.5 4 0 3 3 3
-4218.0 -2231.1 -3.9 188 0 48.7 8.8 7.5 2.5 4 0 3 1 1
-4225.8 -2230.3 -4.0 8 0 48.7 8.8 7.5 2.5 2 0 3 4 4
-4253.5 -2232.1 -4.3 188 0 55.3 8.8 7.5 2.5 2 0 3 3 3
-4328.6 -2266.9 -5.3 189 0 44.8 8.8 7.5 2.5 2 0 3 3 3
-4299.6 -2257.9 -5.1 9 0 70.8 8.8 7.5 2.5 2 0 3 2 2
-4320.2 -2231.9 -5.0 187 0 24.5 8.8 7.5 2.5 2 0 3 0 0
-4285.6 -2214.6 -4.5 188 0 32.4 8.8 7.5 2.5 2 0 3 5 5
-4260.0 -2218.3 -4.3 8 0 32.4 8.8 7.5 2.5 2 0 3 3 3
-4313.7 -2155.0 -4.6 188 0 45.6 8.8 7.5 2.5 2 0 3 5 5
-4295.2 -2180.6 -4.4 98 0 8.8 45.6 7.5 2.5 2 1 3 1 1
-4334.9 -2175.9 -4.8 98 0 8.8 45.6 7.5 2.5 2 1 3 1 1
-4336.8 -2107.8 -4.6 188 0 40.8 8.8 7.5 2.5 2 0 3 2 2
-4300.3 -2119.0 -4.2 188 0 28.2 8.8 7.5 2.5 2 0 3 3 3
-4279.4 -2136.6 -4.0 98 0 8.8 28.2 7.5 2.5 2 1 3 4 4
-4264.6 -2059.7 -3.5 187 0 35.1 9.8 5.0 2.5 2 0 2 1 1
-4235.2 -2063.3 -3.3 7 0 35.1 9.8 7.5 2.5 2 0 3 4 4
-4266.5 -2027.6 -3.5 7 0 35.1 9.8 5.0 2.5 2 0 2 1 1
-4296.6 -2024.1 -3.7 187 0 35.1 9.8 7.5 2.5 2 0 3 4 4
-4220.4 -2028.6 -2.9 188 0 41.3 9.8 7.5 2.5 2 0 3 0 0
-4192.7 -2012.4 -2.7 278 0 9.8 41.3 7.5 2.5 2 1 3 3 3
-4213.7 -1981.7 -2.6 188 0 41.4 9.8 5.0 2.5 2 0 2 0 0
-4191.5 -2005.8 -2.4 98 0 9.8 41.3 7.5 2.5 2 1 3 0 0
-4194.5 -2125.9 -3.1 188 0 41.4 9.8 7.5 2.5 4 0 3 3 3
-4210.0 -2146.7 -3.5 278 0 9.8 41.3 7.5 2.5 2 1 3 5 5
-4226.8 -2167.3 -3.7 8 0 41.4 9.8 7.5 2.5 2 0 3 4 4
-4175.6 -2009.8 -2.6 188 0 160.6 9.8 5.0 0.0 0 0 2 0 0
-4253.8 -2185.6 -3.9 98 0 8.8 45.6 7.5 0.0 0 1 3 3 3
-4232.4 -2099.8 -3.5 278 0 8.8 42.1 7.5 2.5 4 1 3 4 4
-4257.8 -2117.6 -3.7 188 0 42.1 8.8 7.5 2.5 2 0 3 3 3
-4218.3 -1923.3 -2.7 278 0 9.8 78.1 7.5 2.5 2 1 3 3 3
-4239.5 -1920.7 -3.0 278 0 9.8 78.1 7.5 2.5 2 1 3 5 5
-4257.7 -1920.8 -2.9 277 0 9.8 41.1 7.5 2.5 2 1 3 0 0
-4285.0 -1937.9 -3.2 187 0 41.1 9.8 7.5 0.0 0 0 3 3 3
-4305.2 -1914.6 -3.7 276 0 9.8 78.1 7.5 2.5 2 1 3 3 3
-4345.8 -1970.4 -4.2 188 0 92.1 11.0 7.5 2.5 2 0 3 1 1
-4359.4 -2078.9 -4.8 188 0 72.2 10.9 7.5 2.5 2 0 3 0 0
-4461.9 -2085.6 -5.9 98 0 15.1 97.0 7.5 2.5 2 1 3 4 4
-4395.0 -2009.9 -4.8 188 0 60.6 10.9 7.5 2.5 2 0 3 0 0
-4362.8 -2013.9 -4.6 8 0 60.6 10.9 10.0 2.5 2 0 4 5 5
-4384.5 -1930.2 -4.3 188 0 60.6 10.9 7.5 0.0 0 0 3 5 5
-4352.7 -1934.9 -4.1 8 0 60.6 10.9 7.5 2.5 2 0 3 3 3
-4431.1 -2066.2 -5.6 9 0 44.8 10.9 10.0 2.5 2 0 4 1 1
-4412.1 -2069.3 -5.4 9 0 44.8 10.9 7.5 2.5 2 0 3 1 1
-4396.6 -1947.7 -4.8 8 0 97.0 15.1 12.5 2.5 4 0 5 2 2
-4405.4 -2087.7 -5.3 189 0 44.8 10.9 7.5 2.5 2 0 3 2 2
-4374.3 -2091.8 -5.1 9 0 44.8 10.9 10.0 2.5 2 0 4 1 1
-4325.4 -2037.1 -4.1 187 0 43.2 10.9 7.5 2.5 4 0 3 5 5
-3956.0 -1868.4 0.2 9 0 5.3 9.4 5.0 2.5 2 1 2 0 0
-2600.5 4107.0 -7.3 67 0 23.2 19.9 15.0 0.0 0 0 6 0 0
-1137.2 4840.6 -10.7 185 0 7.4 20.7 4.0 2.5 2 0 1 3 3
-4564.6 -2472.2 -8.9 183 0 4.9 9.1 7.5 2.5 2 1 3 5 5
-4565.5 -2508.0 -9.1 184 0 4.9 6.8 5.0 2.5 2 1 2 2 2
-4516.4 -2474.4 -8.4 3 0 4.9 9.1 2.5 2.5 2 1 1 1 1
-4519.4 -2500.2 -8.6 3 0 4.9 9.1 5.0 2.5 4 1 2 5 5
-4633.8 -2456.4 -9.1 359 0 9.2 4.9 5.0 2.5 2 0 2 3 3
-4470.4 -2528.1 -8.1 93 0 4.9 8.9 2.5 2.5 2 1 1 4 4
-4416.6 -2528.4 -7.5 91 0 8.9 4.9 2.5 2.5 4 0 1 5 5
-4437.1 -2508.2 -7.6 91 0 8.9 4.9 5.0 2.5 2 0 2 4 4
-4401.6 -2501.5 -7.2 91 0 8.8 4.9 5.0 2.5 2 0 2 0 0
-4384.2 -2528.1 -7.1 91 0 8.8 4.9 2.5 0.0 0 0 1 3 3
-4348.3 -2538.7 -6.8 91 0 8.9 4.9 2.5 2.5 2 0 1 3 3
-4343.6 -2525.7 -6.7 1 0 4.9 8.8 7.5 2.5 2 1 3 1 1
-4332.3 -2536.3 -6.6 1 0 4.9 8.8 5.0 2.5 2 1 2 5 5
-4329.5 -2504.2 -6.4 355 0 4.9 8.8 7.5 0.0 0 1 3 3 3
-4318.3 -2510.7 -6.3 181 0 4.9 8.8 5.0 2.5 2 1 2 1 1
-4294.1 -2517.4 -6.1 1 0 4.9 8.9 7.5 2.5 2 1 3 2 2
-4218.1 -2544.8 -6.0 270 0 13.6 8.2 7.5 2.5 2 0 3 5 5
-3133.1 -2526.7 -6.6 357 0 6.7 11.2 7.5 2.5 2 1 3 3 3
-3119.5 -2525.9 -6.6 357 0 6.7 11.2 2.5 0.0 0 1 1 5 5
-3104.2 -2525.9 -6.5 357 0 6.7 11.2 5.0 2.5 2 1 2 5 5
-3095.5 -2501.1 -6.2 357 0 6.7 11.2 2.5 2.5 4 1 1 0 0
-3860.7 -2520.2 -4.7 272 0 14.5 6.7 5.0 2.5 2 0 2 5 5
-3808.7 -2513.5 -4.7 272 0 14.5 6.7 5.0 2.5 2 0 2 0 0
2503.0 4338.9 -7.4 8 0 7.4 4.1 7.5 2.5 2 0 3 3 3
2504.2 4347.4 -7.4 8 0 7.4 4.1 2.5 2.5 2 0 1 5 5
2204.7 4160.9 -7.5 47 0 6.0 10.5 7.5 2.5 2 1 3 2 2
2376.6 3983.4 -5.6 6 0 7.6 14.0 2.5 2.5 2 1 1 4 4
2359.9 3935.6 -5.2 86 0 8.1 4.9 5.0 0.0 0 0 2 0 0
-4489.5 -1894.1 -5.4 268 0 30.2 19.8 15.0 0.0 0 0 6 2 2
-1283.6 4325.2 -8.8 95 0 12.9 20.5 10.0 2.5 2 1 4 3 3
870.0 1216.3 -4.9 141 0 11.3 8.4 7.5 2.5 2 0 3 2 2
389.8 3553.9 -1.6 267 0 17.0 17.8 7.5 2.5 2 1 3 5 5
-4831.1 5336.1 -7.4 233 0 5.4 7.7 5.0 2.5 2 1 2 4 4
-3017.0 -2292.1 -4.6 59 0 20.5 7.5 7.5 2.5 2 0 3 4 4
-2963.8 -1976.0 -4.6 54 0 17.9 11.5 5.0 2.5 2 0 2 4 4
-2983.4 -1973.8 -4.5 60 0 6.0 6.5 5.0 2.5 2 1 2 1 1
-3922.7 -2243.6 -2.2 180 0 22.0 12.0 10.0 2.5 2 0 4 5 5
-3088.7 -2560.0 -6.6 357 0 6.7 11.2 2.5 0.0 0 1 1 0 0
-3123.9 -2583.0 -7.0 87 0 11.2 6.7 5.0 2.5 2 0 2 4 4
-3154.4 -2584.3 -6.7 87 0 11.2 6.7 5.0 2.5 2 0 2 2 2
-3160.2 -2571.5 -6.7 177 0 6.7 11.2 7.5 2.5 2 1 3 5 5
-3173.3 -2571.5 -6.5 177 0 6.7 11.2 2.5 2.5 2 1 1 0 0
-2997.6 -2492.0 -5.8 177 0 6.7 11.2 2.5 2.5 2 1 1 4 4
-2998.3 -2481.6 -5.7 177 0 6.7 11.2 5.0 2.5 2 1 2 5 5
-3044.5 -2502.4 -5.7 177 0 6.7 11.2 5.0 2.5 2 1 2 2 2
-3044.8 -2492.0 -5.6 177 0 6.7 11.2 7.5 2.5 2 1 3 0 0
-3045.5 -2481.6 -5.5 177 0 6.7 11.2 5.0 2.5 2 1 2 0 0
-3016.5 -2502.4 -5.7 177 0 6.7 11.2 7.5 2.5 2 1 3 3 3
-3016.8 -2492.0 -5.7 177 0 6.7 11.2 5.0 2.5 4 1 2 2 2
-3030.5 -2503.3 -5.7 177 0 6.7 11.2 5.0 2.5 4 1 2 3 3
-3030.8 -2492.8 -5.6 177 0 6.7 11.2 7.5 2.5 2 1 3 4 4
-3059.5 -2479.8 -5.6 177 0 6.7 11.2 7.5 2.5 2 1 3 0 0
-3057.5 -2535.1 -6.0 177 0 6.7 11.2 7.5 2.5 2 1 3 2 2
-3056.8 -2545.5 -6.1 177 0 6.7 11.2 7.5 2.5 2 1 3 2 2
-3043.5 -2535.1 -5.9 177 0 6.7 11.2 7.5 2.5 2 1 3 1 1
-3042.8 -2545.5 -5.9 177 0 6.7 11.2 7.5 2.5 2 1 3 5 5
-3028.7 -2535.1 -5.8 177 0 6.7 11.2 7.5 0.0 0 1 3 4 4
-3028.0 -2545.5 -5.9 177 0 6.7 11.2 5.0 2.5 2 1 2 5 5
-3027.7 -2556.0 -6.0 177 0 6.7 11.2 7.5 2.5 2 1 3 0 0
-3027.4 -2566.4 -6.0 177 0 6.7 11.2 7.5 2.5 4 1 3 4 4
-3011.9 -2555.1 -6.0 177 0 6.7 11.2 7.5 0.0 0 1 3 5 5
-3011.6 -2565.5 -6.1 177 0 6.7 11.2 5.0 2.5 2 1 2 1 1
-3108.6 -2480.7 -6.3 357 0 6.7 11.2 7.5 2.5 2 1 3 1 1
-3115.5 -2467.9 -6.3 267 0 11.2 6.7 5.0 0.0 0 0 2 2 2
-6787.2 -1407.0 -4.0 272 0 27.1 17.8 12.5 2.5 2 0 5 1 1
-6821.0 -1372.9 -5.1 2 0 17.9 16.5 10.0 2.5 2 0 4 4 4
-4041.8 4254.9 -9.4 224 0 14.3 37.8 10.0 2.5 2 1 4 0 0
-5331.4 -358.1 -5.5 100 0 32.8 14.7 7.5 0.0 0 0 3 5 5
-5300.4 -362.4 -5.3 103 0 15.3 14.7 10.0 0.0 0 0 4 3 3
-4959.1 -2524.3 -7.2 286 0 19.8 30.3 10.0 2.5 2 1 4 5 5
-4865.6 -2613.1 -8.6 101 0 6.9 32.8 7.5 0.0 0 1 3 4 4
-5134.0 -2490.4 -7.8 280 0 36.0 6.9 7.5 2.5 2 0 3 5 5
-5022.6 -2557.5 -7.4 290 0 51.1 7.0 7.5 2.5 4 0 3 1 1
-5063.6 -2624.8 -7.5 121 0 15.6 32.7 7.5 2.5 2 1 3 5 5
-5026.3 -2576.9 -7.3 295 0 6.9 9.7 2.5 0.0 0 1 1 1 1
-4952.1 -2574.8 -7.6 95 0 25.1 10.5 7.5 0.0 0 0 3 2 2
-6655.2 -851.1 -6.2 92 0 27.1 13.2 7.5 2.5 2 0 3 2 2
-6685.3 -921.4 -6.1 2 0 13.2 17.8 7.5 2.5 2 1 3 2 2
-6513.5 -602.3 -6.5 3 0 27.2 13.1 7.5 2.5 2 0 3 4 4
-5310.0 5029.6 -7.5 313 0 16.5 7.9 7.5 2.5 2 0 3 5 5
-5703.1 4237.2 -5.8 45 0 15.1 15.0 2.5 2.5 2 0 1 3 3
-1589.2 2812.2 1.4 4 0 23.3 14.4 12.5 2.5 2 0 5 2 2
3887.1 235.7 -4.1 77 0 10.1 19.0 7.5 2.5 2 1 3 0 0
3913.0 242.0 -4.1 73 0 14.8 10.0 10.0 2.5 2 0 4 0 0
-2149.9 -1584.8 -4.2 339 0 14.3 18.9 7.5 2.5 2 1 3 2 2
-2107.6 -1541.5 -4.4 332 0 17.9 9.7 5.0 2.5 2 0 2 2 2
-4078.5 -1690.2 -0.9 185 0 17.6 16.8 15.0 0.0 0 0 6 3 3
-4317.8 -1719.7 -3.2 186 0 13.0 17.8 7.5 2.5 4 1 3 3 3
-4697.7 -1778.3 -6.4 6 0 13.0 17.8 5.0 2.5 2 1 2 4 4
-5049.0 -2638.3 -7.4 121 0 15.6 32.7 10.0 2.5 2 1 4 4 4
-4851.7 -2600.3 -8.7 101 0 6.9 32.8 7.5 2.5 2 1 3 0 0
-4869.4 -2539.5 -8.3 284 0 11.9 6.9 5.0 2.5 2 0 2 3 3
-5102.3 -2497.8 -7.9 289 0 10.6 21.9 2.5 2.5 2 1 1 5 5
-4923.2 -2600.6 -7.9 95 0 12.0 7.0 7.5 2.5 2 0 3 4 4
-4841.3 -2555.9 -8.7 280 0 19.1 6.9 7.5 2.5 2 0 3 5 5
-4855.3 -2544.4 -8.4 281 0 9.7 7.0 7.5 2.5 2 0 3 4 4
-4771.9 -2504.6 -9.1 0 0 9.7 10.4 5.0 2.5 2 1 2 2 2
-4760.1 -2514.7 -9.3 1 0 9.7 6.9 2.5 0.0 0 0 1 3 3
-4771.0 -2482.2 -9.0 1 0 9.7 6.9 7.5 2.5 2 0 3 4 4
-4771.6 -2464.8 -8.9 1 0 9.7 6.9 5.0 2.5 2 0 2 2 2
-4812.7 -2465.0 -8.6 181 0 7.0 9.7 5.0 2.5 2 1 2 5 5
-4760.4 -2482.6 -9.1 1 0 7.0 9.7 7.5 0.0 0 1 3 5 5
-4766.1 -2415.1 -8.7 0 0 9.7 9.8 2.5 2.5 2 1 1 0 0
-4754.6 -2425.2 -8.9 1 0 7.0 9.7 7.5 2.5 4 1 3 1 1
-4725.8 -2439.8 -9.0 3 0 8.0 9.5 7.5 2.5 2 1 3 3 3
-4735.0 -2429.3 -9.0 182 0 8.0 6.9 5.0 2.5 2 0 2 0 0
-4701.5 -2519.5 -9.1 2 0 8.0 6.9 7.5 2.5 2 0 3 0 0
-4701.0 -2507.6 -9.1 2 0 8.0 6.9 2.5 2.5 2 0 1 3 3
-4671.2 -2420.0 -8.7 280 0 6.9 8.0 7.5 2.5 2 1 3 1 1
-4664.9 -2044.8 -7.4 273 0 6.9 8.0 7.5 2.5 2 1 3 2 2
-4074.7 -2492.4 -5.1 11 0 10.0 6.9 5.0 2.5 2 0 2 0 0
-4066.1 -2443.3 -4.1 6 0 10.0 6.9 5.0 2.5 2 0 2 0 0
-4145.1 -2553.5 -6.4 273 0 6.9 16.3 7.5 2.5 2 1 3 1 1
-2683.3 3962.2 -6.5 194 0 12.4 38.1 7.5 2.5 2 1 3 2 2
-2671.3 3996.5 -6.7 194 0 20.2 36.4 10.0 0.0 0 1 4 0 0
-2583.8 3922.0 -6.4 97 0 18.8 14.6 10.0 2.5 2 0 4 5 5
-2548.4 3943.0 -6.5 3 0 14.4 37.0 12.5 2.5 2 1 5 1 1
-4437.2 -2489.2 -7.6 271 0 8.9 4.9 5.0 2.5 2 0 2 3 3
-4456.4 -2484.9 -7.8 273 0 4.9 8.9 7.5 0.0 0 1 3 1 1
-4691.3 -2498.9 -9.0 182 0 8.0 6.9 2.5 2.5 2 0 1 1 1
-4686.6 -2484.0 -8.9 273 0 6.9 8.0 7.5 2.5 4 1 3 4 4
-4591.4 -2471.5 -9.3 3 0 4.9 9.1 2.5 2.5 2 1 1 5 5
-4585.8 -2525.8 -9.4 183 0 16.6 9.1 7.5 2.5 2 0 3 0 0
-4577.8 -2429.6 -8.8 182 0 9.2 6.9 2.5 2.5 2 0 1 2 2
-4544.6 -2452.2 -8.6 2 0 9.2 6.9 2.5 2.5 2 0 1 3 3
-4685.2 -2455.4 -8.8 93 0 9.1 4.9 5.0 2.5 2 0 2 5 5
-4673.6 -2446.4 -8.8 93 0 9.1 4.9 7.5 2.5 4 0 3 4 4
-5310.9 -1922.2 -6.3 185 0 5.8 10.9 2.5 2.5 2 1 1 1 1
-6903.2 -1189.8 -6.8 182 0 7.5 6.9 5.0 2.5 2 0 2 3 3
-2158.4 -1444.8 -4.4 244 0 6.7 16.1 5.0 2.5 2 1 2 2 2
-3922.0 -2340.6 -2.8 90 0 16.3 17.6 7.5 2.5 2 1 3 3 3
-4366.6 -2512.6 -6.8 92 0 8.9 9.3 7.5 2.5 2 1 3 3 3
-4361.8 -2497.1 -6.8 2 0 9.3 8.9 5.0 2.5 2 0 2 5 5
-4365.7 -2470.1 -6.7 272 0 8.9 9.3 7.5 0.0 0 1 3 5 5
-4344.0 -2484.8 -6.5 357 0 9.3 8.9 7.5 2.5 2 0 3 0 0
-4329.4 -2493.0 -6.4 357 0 9.3 8.9 5.0 2.5 2 0 2 2 2
-4320.0 -2533.5 -6.4 180 0 9.3 8.9 7.5 2.5 2 0 3 1 1
-4318.3 -2490.5 -6.2 180 0 9.3 8.9 2.5 2.5 2 0 1 0 0
-4319.2 -2520.9 -6.3 181 0 4.9 8.8 5.0 2.5 2 1 2 0 0
-4282.5 -2518.8 -5.9 180 0 9.3 8.9 5.0 2.5 2 0 2 1 1
-4258.4 -2517.6 -5.7 360 0 9.3 8.9 7.5 2.5 2 0 3 4 4
-4259.4 -2499.5 -5.6 358 0 4.9 8.8 7.5 2.5 2 1 3 5 5
-3467.3 -2218.9 -4.5 61 0 19.2 16.0 7.5 2.5 2 0 3 2 2
-4678.1 -1905.4 -7.0 89 0 5.3 10.5 5.0 2.5 2 1 2 3 3
-4592.0 -2459.6 -9.2 2 0 8.0 6.9 2.5 2.5 4 0 1 4 4
-4591.7 -2449.6 -9.2 2 0 8.0 6.9 5.0 2.5 2 0 2 2 2
-4588.9 -2429.1 -9.1 3 0 4.9 9.1 7.5 2.5 2 1 3 5 5
-4608.9 -2428.2 -9.2 183 0 4.9 9.1 7.5 2.5 2 1 3 5 5
-4625.4 -2479.3 -9.3 93 0 9.1 4.9 2.5 2.5 2 0 1 2 2
-4715.4 -2441.3 -8.9 183 0 8.0 6.9 7.5 2.5 2 0 3 3 3
-4346.6 -2517.3 -6.7 3 0 7.2 4.9 7.5 2.5 2 0 3 4 4
-4332.0 -2516.6 -6.5 3 0 7.2 4.9 5.0 2.5 2 0 2 5 5
-4382.9 -2494.7 -7.0 272 0 8.9 9.3 7.5 2.5 2 1 3 5 5
-4728.0 -2495.2 -9.2 0 0 9.0 9.3 7.5 2.5 2 1 3 4 4
-4754.2 -2437.5 -9.0 0 0 9.7 10.4 2.5 2.5 2 1 1 4 4
-4937.3 -1860.7 -5.4 186 0 9.7 10.4 7.5 2.5 2 1 3 3 3
-4977.0 -1952.3 -5.6 9 0 9.7 10.4 7.5 2.5 2 1 3 3 3
-4714.6 -1721.1 -6.0 6 0 8.0 6.4 7.5 2.5 2 0 3 2 2
-4446.0 -1886.9 -4.8 268 0 9.4 10.6 7.5 2.5 2 1 3 4 4
-3863.3 -26.7 -3.5 188 0 11.7 18.2 2.5 2.5 2 1 1 1 1
-3730.3 326.4 -5.5 275 0 7.3 30.3 2.5 2.5 2 1 1 2 2
-3743.1 322.7 -5.1 277 0 6.1 10.4 2.5 2.5 4 1 1 1 1
-3841.4 289.4 -6.0 98 0 10.3 6.2 7.5 2.5 2 0 3 2 2
-3818.7 402.9 -3.5 280 0 6.1 10.4 5.0 2.5 2 1 2 1 1
-3844.3 400.2 -3.5 190 0 10.4 6.1 2.5 2.5 2 0 1 3 3
-3787.5 392.6 -3.6 280 0 6.1 10.4 7.5 2.5 2 1 3 2 2
-3624.5 62.8 -2.6 185 0 5.7 13.2 7.5 2.5 2 1 3 2 2
-4165.5 3844.9 -9.0 99 0 6.9 15.7 5.0 2.5 2 1 2 0 0
-4135.2 3821.9 -9.0 98 0 6.4 6.4 2.5 2.5 2 1 1 1 1
-747.2 4178.8 -9.2 86 0 9.0 8.2 5.0 2.5 4 0 2 2 2
990.0 -848.5 -5.7 74 0 5.6 5.9 5.0 2.5 2 1 2 2 2
-913.2 -526.6 0.9 329 0 6.2 4.9 2.5 2.5 2 0 1 3 3
2318.3 4317.9 -7.9 22 0 12.7 12.1 2.5 2.5 2 0 1 1 1
-5042.7 3919.9 -7.1 238 0 26.1 10.0 10.0 2.5 2 0 4 4 4
-5714.0 4511.2 -6.6 315 0 12.3 12.1 5.0 2.5 2 0 2 1 1
-3178.4 -2492.1 -6.0 177 0 6.7 11.2 5.0 2.5 2 1 2 5 5
-3177.8 -2501.4 -6.1 177 0 6.7 11.2 7.5 2.5 2 1 3 4 4
-3176.1 -2526.3 -6.2 177 0 6.7 11.2 2.5 2.5 4 1 1 2 2
-3175.0 -2557.1 -6.4 177 0 6.7 11.2 7.5 2.5 2 1 3 1 1
-3128.0 -2478.6 -6.4 267 0 11.2 6.7 7.5 2.5 2 0 3 1 1
-3121.7 -2501.1 -6.5 357 0 6.7 11.2 5.0 2.5 2 1 2 5 5
-3094.6 -2509.5 -6.3 357 0 6.7 11.2 7.5 2.5 2 1 3 5 5
-3094.6 -2490.3 -6.2 357 0 6.7 11.2 7.5 2.5 2 1 3 5 5
-3096.3 -2468.3 -6.0 357 0 6.7 11.2 7.5 2.5 2 1 3 1 1
-3116.5 -2458.3 -6.2 267 0 11.2 6.7 2.5 2.5 2 0 1 1 1
-3065.8 -2555.3 -6.3 357 0 6.7 11.2 7.5 2.5 2 1 3 1 1
-3065.8 -2566.4 -6.4 357 0 6.7 11.2 7.5 2.5 2 1 3 0 0
-3090.0 -2525.8 -6.3 357 0 6.7 11.2 2.5 2.5 2 1 1 0 0
-3033.1 -2470.0 -5.5 177 0 6.7 11.2 7.5 2.5 2 1 3 2 2
-3018.7 -2468.9 -5.6 177 0 6.7 11.2 7.5 2.5 2 1 3 4 4
-3020.3 -2379.3 -5.1 159 0 11.2 6.7 7.5 2.5 2 0 3 1 1
-3000.2 -2384.4 -5.2 339 0 11.2 6.7 7.5 2.5 4 0 3 3 3
-3013.9 -2362.4 -5.1 159 0 11.2 6.7 5.0 2.5 2 0 2 2 2
-2992.1 -2318.9 -4.5 249 0 6.7 11.2 5.0 2.5 2 1 2 2 2
-2973.4 -2312.5 -4.2 258 0 6.7 11.2 5.0 2.5 2 1 2 1 1
-2966.4 -2311.0 -4.1 259 0 6.7 11.2 5.0 2.5 2 1 2 1 1
-2969.6 -2323.5 -4.3 258 0 6.7 9.5 7.5 2.5 2 1 3 4 4
-2959.5 -2341.4 -4.3 75 0 6.7 8.8 2.5 2.5 2 1 1 5 5
-2983.0 -2347.4 -4.6 70 0 6.7 9.5 5.0 2.5 2 1 2 0 0
-3009.7 -2335.7 -4.9 248 0 6.7 9.5 7.5 2.5 2 1 3 5 5
-2936.5 -2396.7 -4.6 340 0 8.8 6.7 2.5 2.5 2 0 1 2 2
-2924.0 -2345.0 -4.2 345 0 8.8 6.7 2.5 2.5 2 0 1 2 2
-2901.7 -2310.2 -4.2 257 0 6.7 8.8 5.0 0.0 0 1 2 1 1
-2890.0 -2317.8 -4.2 255 0 6.7 8.8 7.5 2.5 2 1 3 2 2
-2852.5 -2328.8 -4.4 82 0 6.7 8.8 5.0 2.5 2 1 2 3 3
-2850.0 -2341.0 -4.5 255 0 6.7 8.8 2.5 2.5 2 1 1 4 4
-2870.2 -2394.8 -4.4 269 0 6.7 8.8 2.5 2.5 2 1 1 1 1
-2875.9 -2377.5 -4.3 74 0 8.8 6.7 5.0 2.5 4 0 2 4 4
-2883.0 -2368.2 -4.3 164 0 6.7 8.8 7.5 2.5 2 1 3 2 2
-2863.5 -2373.1 -4.4 82 0 6.7 8.8 5.0 2.5 2 1 2 0 0
-2805.4 -2392.2 -4.7 272 0 6.7 8.8 7.5 2.5 2 1 3 0 0
-2862.5 -2381.1 -4.4 253 0 6.7 8.8 5.0 2.5 2 1 2 3 3
-2870.0 -2384.0 -4.4 253 0 6.7 8.8 5.0 2.5 2 1 2 3 3
-2805.2 -2378.1 -4.7 256 0 6.7 8.8 5.0 2.5 2 1 2 1 1
-2829.8 -2360.9 -4.6 76 0 6.7 8.8 7.5 2.5 2 1 3 3 3
-2811.7 -2303.2 -4.7 246 0 6.7 8.8 5.0 2.5 2 1 2 2 2
-2774.7 -2488.6 -4.8 345 0 8.8 6.7 2.5 2.5 2 0 1 1 1
-2776.7 -2478.4 -4.8 345 0 8.8 6.7 2.5 0.0 0 0 1 0 0
-2760.5 -2472.9 -4.9 345 0 8.8 6.7 5.0 0.0 0 0 2 5 5
-2762.6 -2495.0 -4.9 345 0 8.8 6.7 7.5 2.5 2 0 3 4 4
-2778.1 -2499.6 -4.8 345 0 8.8 6.7 2.5 2.5 2 0 1 4 4
-2743.5 -2489.2 -5.0 345 0 8.8 6.7 7.5 2.5 2 0 3 2 2
-2749.9 -2465.7 -5.0 345 0 8.8 6.7 2.5 0.0 0 0 1 5 5
-2731.7 -2466.6 -5.1 345 0 8.8 6.7 7.5 0.0 0 0 3 5 5
-2736.0 -2486.9 -5.1 345 0 8.8 6.7 5.0 2.5 2 0 2 2 2
-2848.2 -2514.3 -4.9 75 0 6.7 8.8 7.5 2.5 2 1 3 3 3
-2872.4 -2497.7 -4.9 255 0 6.7 8.8 5.0 2.5 2 1 2 2 2
-2825.8 -2539.6 -5.0 75 0 6.7 8.8 7.5 2.5 2 1 3 4 4
-2815.7 -2542.5 -5.0 75 0 6.7 8.8 2.5 2.5 2 1 1 5 5
-2789.7 -2519.7 -4.9 345 0 8.8 6.7 5.0 2.5 2 0 2 1 1
-2803.6 -2547.1 -5.0 75 0 6.7 8.8 5.0 2.5 2 1 2 4 4
-2743.2 -2505.5 -5.0 345 0 8.8 6.7 5.0 2.5 2 0 2 5 5
-2726.1 -2501.0 -5.1 345 0 8.8 6.7 7.5 0.0 0 0 3 3 3
-2717.3 -2498.4 -5.2 345 0 8.8 6.7 5.0 2.5 2 0 2 2 2
-2722.6 -2510.8 -5.1 345 0 8.8 6.7 2.5 2.5 2 0 1 5 5
-2740.4 -2515.1 -5.0 345 0 8.8 6.7 5.0 2.5 2 0 2 0 0
-2738.0 -2525.1 -5.0 345 0 8.8 6.7 7.5 2.5 2 0 3 5 5
-2727.5 -2523.7 -5.1 337 0 8.8 6.7 5.0 2.5 2 0 2 3 3
-2764.1 -2529.6 -4.9 351 0 19.7 6.7 5.0 2.5 2 0 2 0 0
-2597.1 -2506.2 -5.4 246 0 6.7 8.8 5.0 2.5 2 1 2 1 1
-2665.8 -2491.0 -5.3 257 0 8.8 6.7 2.5 2.5 4 0 1 5 5
-2667.9 -2478.4 -5.3 255 0 6.7 8.8 7.5 2.5 2 1 3 4 4
-2690.4 -2477.9 -5.3 75 0 6.7 8.8 2.5 2.5 2 1 1 0 0
-2671.4 -2504.8 -5.3 255 0 6.7 8.8 5.0 2.5 2 1 2 2 2
-2687.8 -2484.8 -5.3 255 0 6.7 8.8 2.5 0.0 0 1 1 0 0
-2610.5 -2482.1 -5.4 255 0 6.7 8.8 5.0 2.5 2 1 2 3 3
-2626.7 -2458.9 -5.4 75 0 8.8 6.7 5.0 2.5 2 0 2 4 4
-2648.1 -2452.8 -5.4 75 0 8.8 6.7 5.0 2.5 2 0 2 1 1
-2694.6 -2429.3 -5.4 256 0 6.7 8.8 7.5 2.5 2 1 3 3 3
-2656.1 -2485.0 -5.3 256 0 9.9 8.8 7.5 2.5 2 0 3 2 2
-2628.6 -2399.9 -5.4 76 0 6.7 8.8 2.5 2.5 2 1 1 0 0
-2703.1 -2446.9 -5.3 255 0 8.8 10.6 5.0 0.0 0 1 2 2 2
-2914.3 -2431.2 -4.7 268 0 6.7 9.2 7.5 2.5 2 1 3 0 0
-2922.6 -2404.1 -4.5 254 0 6.7 9.2 7.5 2.5 2 1 3 4 4
-2930.4 -2405.2 -4.6 254 0 6.7 9.2 5.0 2.5 2 1 2 5 5
-2938.3 -2364.5 -4.3 74 0 6.7 9.2 5.0 2.5 2 1 2 1 1
-2943.2 -2312.6 -4.1 343 0 9.2 6.7 5.0 2.5 2 0 2 4 4
-2852.8 -2371.6 -4.4 83 0 6.7 9.2 7.5 2.5 2 1 3 4 4
-2624.0 -2424.2 -5.4 272 0 6.7 6.9 7.5 0.0 0 1 3 1 1
-2685.9 -2508.9 -5.3 165 0 6.9 6.7 2.5 2.5 2 0 1 2 2
-2853.9 -2492.7 -4.8 255 0 6.7 8.8 7.5 2.5 2 1 3 1 1
-2700.3 -2542.6 -5.2 344 0 4.8 6.7 7.5 2.5 2 1 3 0 0
-2714.3 -2547.1 -5.2 344 0 4.8 6.7 7.5 0.0 0 1 3 0 0
-2644.4 -2516.7 -5.3 254 0 6.7 4.8 2.5 2.5 2 0 1 4 4
-2635.5 -2514.7 -5.3 254 0 6.7 4.8 5.0 2.5 2 0 2 3 3
-2654.3 -2464.8 -5.4 74 0 6.7 4.8 5.0 2.5 2 0 2 5 5
-2716.3 -2473.8 -5.2 159 0 4.8 6.7 5.0 2.5 2 1 2 5 5
-2657.9 -2447.9 -5.4 69 0 6.7 4.8 7.5 0.0 0 0 3 0 0
-2616.0 -2411.5 -5.4 249 0 6.7 4.8 5.0 2.5 2 0 2 4 4
-2668.5 -2411.6 -5.4 69 0 6.7 4.8 5.0 2.5 2 0 2 3 3
-2655.5 -2474.6 -5.3 258 0 4.8 8.5 7.5 2.5 2 1 3 1 1
-2668.9 -2519.8 -5.3 169 0 6.7 4.8 5.0 2.5 2 0 2 3 3
-2668.5 -2419.6 -5.4 255 0 6.7 8.8 2.5 2.5 2 1 1 2 2
-2838.9 -2557.3 -5.0 74 0 4.9 8.8 5.0 0.0 0 1 2 4 4
-2883.6 -2307.9 -4.3 257 0 6.7 8.8 2.5 2.5 2 1 1 4 4
-2575.8 -2504.8 -5.5 345 0 6.7 4.8 7.5 2.5 2 0 3 4 4
