3634.9 -6092.5 -6.7 176 0 58.2 50.6 14.0 0.0 0 0 4 4 4
3634.9 -5852.4 -5.0 179 0 56.1 47.9 14.0 0.0 0 0 4 2 2
3651.4 -5928.6 -5.6 177 0 21.2 15.0 14.0 3.5 2 0 4 3 3
3554.3 -6130.4 -6.8 275 0 18.5 21.8 14.0 3.5 2 1 4 0 0
3867.1 -5808.1 -4.8 182 0 5.3 5.4 5.0 0.0 0 1 2 0 0
3923.1 -5560.1 -3.7 1 0 35.5 27.4 14.0 0.0 0 0 4 2 2
6264.1 1711.2 -8.3 15 0 61.2 54.4 7.5 0.0 0 0 3 2 2
5722.5 1778.2 -9.2 286 0 78.5 16.4 7.5 2.5 2 0 3 1 1
6101.0 1724.4 -8.8 105 0 54.4 61.2 7.5 0.0 0 1 3 0 0
6313.3 1827.8 -8.2 15 0 63.3 69.3 5.0 0.0 0 1 2 1 1
6537.5 1655.8 5.8 107 0 42.0 32.3 15.0 0.0 0 0 6 4 4
6464.7 1676.8 6.0 107 0 42.0 32.2 12.5 0.0 0 0 5 0 0
6630.4 1644.0 0.3 17 0 32.3 42.0 10.0 0.0 0 1 4 0 0
6738.0 1211.2 -8.6 107 0 18.8 92.7 17.5 0.0 0 1 7 5 5
6084.3 1895.6 -8.9 196 0 58.6 98.7 7.5 0.0 0 1 3 3 3
6766.4 1332.3 -6.2 286 0 26.2 27.8 10.0 0.0 0 0 4 0 0
6809.0 1299.3 -5.3 16 0 15.8 37.0 12.5 2.5 2 0 5 4 4
1497.8 2648.1 -5.0 178 0 129.9 162.7 2.5 0.0 0 1 1 1 1
1574.7 2446.9 -3.0 270 0 63.2 102.7 17.5 0.0 0 1 7 1 1
4096.0 -1622.9 -10.5 352 0 30.4 143.5 10.0 0.0 0 1 4 5 5
4086.5 -1571.5 -10.6 352 0 29.8 140.5 10.0 0.0 0 1 4 3 3
3915.6 -1534.2 -10.6 171 0 44.5 164.6 12.5 0.0 0 1 5 4 4
4068.9 -1445.9 -10.8 351 0 46.2 165.3 7.5 0.0 0 1 3 1 1
5129.7 1862.8 -7.3 18 0 17.4 41.7 7.5 2.5 2 1 3 2 2
5214.2 1859.5 -7.5 108 0 15.2 18.5 10.0 2.5 2 1 4 4 4
3763.4 -1335.3 -10.8 262 0 45.9 25.0 15.0 0.0 0 0 6 4 4
3976.8 -1316.8 -10.9 260 0 138.3 45.7 10.0 0.0 0 0 4 3 3
4058.2 -1385.2 -10.8 351 0 47.0 139.2 10.0 0.0 0 1 4 1 1
