4197.0 5546.3 -16.6 175 0 5.6 6.3 7.5 2.5 2 1 3 5 5
-4517.0 -3561.0 -14.7 187 0 18.7 63.9 12.5 2.5 2 1 5 4 4
-5249.7 -4290.4 -12.3 81 0 15.8 22.5 7.5 2.5 2 1 3 2 2
-5483.8 -4569.8 -7.7 82 0 32.1 14.5 10.0 2.5 2 0 4 2 2
-5165.1 -4715.1 -11.7 9 0 95.4 35.9 12.5 0.0 0 0 5 5 5
-5182.8 -4607.5 -11.6 182 0 82.3 26.2 7.5 0.0 0 0 3 3 3
-4968.4 -1314.7 -9.9 268 0 33.7 101.6 7.5 0.0 0 1 3 2 2
-4898.4 -1540.3 -11.7 116 0 67.7 99.7 10.0 0.0 0 1 4 2 2
-5722.0 5458.3 -19.8 98 0 101.7 102.6 10.0 0.0 0 1 4 2 2
-3961.8 3880.5 -15.9 78 0 34.1 34.4 10.0 0.0 0 1 4 1 1
5313.4 709.3 9.9 271 0 96.6 35.5 10.0 0.0 0 0 4 0 0
5175.8 625.4 9.4 91 0 97.7 31.7 12.5 0.0 0 0 5 5 5
4927.0 615.6 8.7 308 0 14.2 60.3 15.0 0.0 0 1 6 1 1
5084.6 593.2 10.2 0 0 16.6 70.8 7.5 2.5 2 1 3 2 2
5025.1 631.4 10.6 89 0 35.5 13.6 7.5 2.5 2 0 3 0 0
4926.6 507.3 11.0 128 0 27.6 110.9 12.5 0.0 0 1 5 5 5
4846.3 517.6 8.5 299 0 42.6 98.3 17.5 0.0 0 1 7 4 4
4984.8 960.7 8.0 179 0 48.5 60.1 10.0 0.0 0 1 4 5 5
5109.4 937.0 7.8 89 0 59.5 49.1 10.0 0.0 0 0 4 1 1
5252.7 895.4 8.2 269 0 90.5 35.5 7.5 0.0 0 0 3 1 1
5200.8 830.4 8.6 179 0 31.1 93.9 10.0 0.0 0 1 4 1 1
5119.1 893.9 8.4 269 0 95.7 37.7 10.0 0.0 0 0 4 5 5
4223.4 1379.3 -1.5 92 0 13.6 33.3 10.0 2.5 4 1 4 3 3
4238.4 1372.5 -1.9 93 0 12.1 64.0 12.5 2.5 2 1 5 2 2
4266.5 1319.8 1.3 273 0 8.8 20.4 7.5 2.5 2 1 3 5 5
4268.6 1276.1 1.8 4 0 20.8 9.1 2.5 2.5 2 0 1 4 4
4234.8 1253.8 1.4 181 0 8.9 21.0 7.5 2.5 2 1 3 4 4
4406.0 1243.1 4.6 271 0 11.2 27.9 10.0 2.5 2 1 4 4 4
4457.2 1077.5 4.7 90 0 26.9 24.4 10.0 0.0 0 0 4 2 2
4435.1 1816.2 -4.3 172 0 62.1 15.8 12.5 2.5 2 0 5 0 0
3595.7 2068.8 -0.8 358 0 10.7 87.1 10.0 2.5 2 1 4 1 1
3596.1 2056.6 -1.0 358 0 10.1 87.6 10.0 2.5 2 1 4 2 2
3596.8 2044.6 -1.1 358 0 9.7 87.9 7.5 2.5 2 1 3 1 1
3547.3 2127.6 -0.8 268 0 92.5 37.0 10.0 0.0 0 0 4 2 2
3993.3 2106.1 -5.2 181 0 157.6 74.2 5.0 0.0 0 0 2 1 1
4467.6 2164.4 -5.8 232 0 30.5 17.2 12.5 2.5 2 0 5 2 2
4552.2 2480.4 -7.2 230 0 12.6 67.9 7.5 2.5 2 1 3 0 0
4578.5 2410.1 -7.1 232 0 33.9 12.1 10.0 2.5 2 0 4 5 5
4591.0 2337.8 -7.2 52 0 106.2 33.9 10.0 0.0 0 0 4 4 4
4917.2 2568.1 -8.8 204 0 61.1 33.9 12.5 0.0 0 0 5 1 1
4868.7 2384.6 -8.1 50 0 93.5 30.4 10.0 0.0 0 0 4 2 2
4835.8 2457.6 -8.4 233 0 77.6 28.6 10.0 0.0 0 0 4 0 0
4729.2 2378.2 -7.9 231 0 90.7 31.6 10.0 0.0 0 0 4 0 0
4609.9 2284.9 -7.2 231 0 87.3 31.8 7.5 0.0 0 0 3 4 4
4525.8 2213.1 -6.4 232 0 76.0 29.2 10.0 0.0 0 0 4 2 2
4500.5 2010.6 -5.4 7 0 95.3 29.9 10.0 0.0 0 0 4 5 5
4383.0 1983.6 -4.7 266 0 10.3 24.9 10.0 2.5 4 1 4 1 1
4394.3 1920.0 -4.4 357 0 25.6 10.0 7.5 2.5 2 0 3 5 5
4408.2 1885.7 -4.3 353 0 22.4 9.9 2.5 2.5 2 0 1 3 3
4530.6 1813.0 -4.4 8 0 95.6 30.9 10.0 0.0 0 0 4 0 0
4847.0 1954.7 -4.4 236 0 23.6 26.1 7.5 0.0 0 1 3 0 0
4899.8 2060.7 -6.1 12 0 91.7 35.1 10.0 0.0 0 0 4 4 4
4741.2 1332.3 2.7 11 0 56.6 12.2 10.0 0.0 0 0 4 2 2
4757.9 1409.2 1.8 13 0 34.6 22.9 10.0 0.0 0 0 4 3 3
4775.9 1487.2 0.8 14 0 41.3 26.1 10.0 0.0 0 0 4 3 3
4807.9 1633.0 -0.9 12 0 39.8 24.5 7.5 0.0 0 0 3 3 3
4794.2 1572.2 -0.2 12 0 41.0 23.8 7.5 0.0 0 0 3 2 2
4781.4 1708.7 -2.2 34 0 94.4 29.9 12.5 0.0 0 0 5 1 1
4562.3 1760.1 -3.2 235 0 91.0 22.9 12.5 0.0 0 0 5 0 0
4586.0 1652.6 -2.2 32 0 95.5 31.1 10.0 0.0 0 0 4 2 2
4588.2 1579.6 -1.2 215 0 84.0 39.3 12.5 0.0 0 0 5 3 3
6540.3 3836.4 -0.3 25 0 189.1 44.6 10.5 0.0 0 0 3 0 0
6575.3 3586.5 3.2 206 0 15.7 42.2 10.5 3.5 2 1 3 0 0
6563.6 3569.4 3.2 206 0 16.6 44.0 10.5 3.5 2 1 3 3 3
6555.2 3549.2 3.3 204 0 16.3 45.8 10.5 3.5 4 1 3 3 3
6599.2 3409.1 4.1 115 0 93.8 143.9 10.5 0.0 0 1 3 0 0
5456.7 3357.7 -2.3 190 0 75.3 61.7 10.0 0.0 0 0 4 4 4
5736.8 2753.1 -0.6 99 0 17.8 68.6 10.0 2.5 2 1 4 5 5
5696.4 2828.8 1.2 102 0 46.1 22.5 10.0 2.5 2 0 4 5 5
5781.7 3158.0 5.3 281 0 41.5 63.7 12.5 0.0 0 1 5 0 0
5762.6 3238.8 4.1 188 0 37.8 90.5 12.5 0.0 0 1 5 1 1
5716.5 3269.2 3.2 11 0 57.7 23.2 12.5 2.5 2 0 5 1 1
5656.2 3221.8 3.1 101 0 21.7 85.5 10.0 0.0 0 1 4 4 4
5574.6 3311.6 1.5 193 0 168.6 54.8 12.5 0.0 0 0 5 2 2
5571.0 2831.6 1.2 103 0 37.8 67.8 12.5 0.0 0 1 5 0 0
5479.3 2742.7 -1.0 102 0 58.4 175.3 10.0 0.0 0 1 4 1 1
5322.6 2581.6 -5.7 125 0 124.3 133.4 10.0 0.0 0 1 4 0 0
5555.0 2627.6 -6.0 303 0 86.0 85.2 12.5 0.0 0 0 5 4 4
5681.8 2649.3 -4.4 276 0 122.0 51.6 15.0 0.0 0 0 6 3 3
5756.9 2557.8 -4.8 274 0 145.3 65.3 12.5 0.0 0 0 5 4 4
5749.0 2453.0 -2.5 274 0 146.9 64.3 15.0 0.0 0 0 6 4 4
6117.2 1768.0 -0.7 275 0 108.2 24.6 10.0 0.0 0 0 4 4 4
6190.2 1821.6 -0.5 4 0 51.5 122.0 12.5 0.0 0 1 5 1 1
6076.1 1932.8 0.8 184 0 28.6 83.7 10.0 0.0 0 1 4 4 4
6079.3 1988.0 1.8 184 0 33.6 51.3 12.5 0.0 0 1 5 3 3
5728.0 1771.6 4.5 94 0 85.1 193.3 10.0 0.0 0 1 4 3 3
5811.9 2181.8 4.0 4 0 97.6 97.7 10.0 0.0 0 1 4 3 3
5983.7 2096.3 3.8 274 0 25.0 11.0 7.5 2.5 4 0 3 2 2
5918.6 2060.8 4.1 94 0 151.8 25.1 17.5 0.0 0 0 7 4 4
6005.9 2230.9 2.8 273 0 26.5 19.3 7.5 2.5 2 0 3 3 3
5948.5 2123.3 2.9 94 0 199.4 89.7 12.5 0.0 0 0 5 2 2
5960.3 2385.6 1.8 274 0 170.4 112.0 12.5 0.0 0 0 5 4 4
6075.6 2475.1 -1.8 4 0 116.5 192.9 10.0 0.0 0 1 4 4 4
5513.4 650.6 12.5 70 0 98.2 29.9 12.5 0.0 0 0 5 0 0
5532.1 729.5 11.0 340 0 35.8 91.8 12.5 0.0 0 1 5 4 4
4719.5 831.8 5.1 353 0 90.2 29.0 7.5 0.0 0 0 3 5 5
4984.0 1161.0 6.4 344 0 31.0 66.6 7.5 0.0 0 1 3 0 0
5047.2 1190.1 5.9 165 0 49.9 58.3 7.5 0.0 0 1 3 1 1
5356.4 853.6 8.0 161 0 29.1 94.1 7.5 0.0 0 1 3 5 5
5424.0 806.2 8.1 70 0 95.0 36.0 10.0 0.0 0 0 4 1 1
5570.2 928.4 7.4 340 0 33.9 90.0 10.0 0.0 0 1 4 2 2
5464.7 1100.5 6.4 242 0 39.5 30.3 12.5 0.0 0 0 5 5 5
5507.2 1124.0 6.7 241 0 52.4 36.0 7.5 0.0 0 0 3 0 0
5607.4 1178.7 7.3 241 0 88.8 36.2 7.5 0.0 0 0 3 1 1
5372.9 1241.8 5.3 346 0 27.9 38.5 10.0 0.0 0 1 4 1 1
5350.2 1184.7 5.6 75 0 67.0 19.7 7.5 2.5 2 0 3 1 1
5228.8 1293.1 4.5 164 0 48.7 62.6 10.0 0.0 0 1 4 4 4
5290.8 1500.7 2.3 231 0 31.8 24.8 12.5 0.0 0 0 5 0 0
5257.9 1406.6 2.8 145 0 34.8 89.1 7.5 0.0 0 1 3 1 1
5336.8 1374.0 3.4 55 0 93.3 37.0 7.5 0.0 0 0 3 0 0
5453.7 1452.1 4.2 54 0 88.0 42.3 15.0 0.0 0 0 6 3 3
5445.8 1541.0 2.9 325 0 34.0 90.2 12.5 0.0 0 1 5 3 3
5376.4 1770.1 0.7 144 0 24.4 61.0 10.0 2.5 2 1 4 5 5
5261.4 1877.7 -2.4 44 0 45.7 44.9 10.0 0.0 0 0 4 4 4
6902.0 -3906.7 -8.9 12 0 59.6 29.8 12.5 0.0 0 0 5 3 3
6797.8 -4196.8 -8.9 271 0 25.1 51.5 7.5 2.5 2 1 3 2 2
6798.1 -3863.4 -8.7 279 0 29.1 56.9 7.5 0.0 0 1 3 0 0
5289.6 5688.0 -14.6 7 0 12.9 22.2 7.5 2.5 2 1 3 1 1
5296.9 5742.6 -15.3 6 0 11.6 18.7 5.0 2.5 2 1 2 2 2
5238.3 5638.1 -14.0 186 0 13.3 15.5 2.5 2.5 2 1 1 5 5
5370.2 5730.3 -14.7 184 0 11.2 22.5 10.0 2.5 4 1 4 2 2
