6891.7 -4656.9 85.6 90 0 24.9 11.5 7.5 2.5 2 0 3 3 3
5875.6 -3445.5 -2.6 304 0 22.2 18.3 14.0 3.5 2 0 4 3 3
5909.9 -3451.8 5.4 316 0 23.7 15.7 14.0 3.5 2 0 4 5 5
6880.9 -4823.3 53.3 252 0 13.2 26.1 7.5 2.5 2 1 3 0 0
6887.0 -4611.2 74.7 271 0 10.9 10.1 5.0 2.5 2 0 2 5 5
6450.4 -3215.8 -83.6 14 0 19.2 21.0 7.0 3.5 4 1 2 5 5
6255.1 -1693.7 -94.4 92 0 16.0 12.4 2.5 2.5 2 0 1 5 5
6533.2 -2681.9 -87.8 294 0 21.0 15.1 14.0 3.5 2 0 4 0 0
6511.1 -2673.1 -87.8 290 0 10.6 6.9 10.5 3.5 2 0 3 0 0
6705.7 -2005.9 -90.7 94 0 9.5 18.4 10.5 3.5 2 1 3 3 3
6715.5 -1980.5 -90.9 5 0 5.2 8.7 10.5 3.5 4 1 3 5 5
6684.1 -1967.4 -91.0 184 0 21.6 9.5 10.5 3.5 2 0 3 2 2
6704.5 -2014.7 -90.5 94 0 10.5 5.5 10.5 3.5 4 0 3 0 0
6602.0 -3005.4 -85.6 192 0 11.2 19.6 14.0 3.5 2 1 4 1 1
6605.4 -3025.6 -86.0 191 0 7.3 10.9 10.5 3.5 2 1 3 1 1
6604.1 -3055.5 -86.5 102 0 11.1 8.6 10.5 3.5 2 0 3 1 1
6647.9 -3011.9 -86.0 11 0 15.9 12.4 14.0 3.5 2 0 4 4 4
6665.9 -2951.0 -87.4 271 0 8.9 16.6 10.5 3.5 4 1 3 3 3
6650.1 -2961.8 -86.6 268 0 6.7 7.0 10.5 3.5 4 1 3 1 1
6866.1 -2029.3 -90.7 263 0 8.0 6.4 10.5 0.0 0 0 3 3 3
6838.0 -2022.2 -90.9 162 0 8.7 13.1 10.5 3.5 2 1 3 1 1
6820.1 -1906.2 -92.0 0 0 12.3 6.6 10.5 3.5 4 0 3 2 2
6796.8 -1892.5 -92.1 181 0 7.3 12.1 10.5 3.5 2 1 3 3 3
6798.4 -1883.7 -92.1 181 0 7.1 9.6 10.5 3.5 2 1 3 1 1
6798.5 -1875.9 -92.2 181 0 6.6 9.6 10.5 3.5 2 1 3 0 0
6867.7 -1961.2 -91.4 163 0 14.1 8.5 10.5 3.5 2 0 3 3 3
