-5044.4 6637.1 -9.9 241 0 101.5 52.0 7.5 0.0 0 0 3 0 0
-5213.8 6639.9 -9.1 242 0 36.8 72.9 12.5 0.0 0 1 5 5 5
-4968.2 6772.4 -8.0 244 0 66.4 87.5 12.5 0.0 0 1 5 5 5
-1317.6 4070.8 -3.1 101 0 70.0 11.3 12.5 2.5 2 0 5 0 0
-1234.7 4017.3 -2.1 5 0 9.6 36.2 7.5 2.5 2 1 3 5 5
-1230.9 4096.0 -1.9 182 0 9.3 18.4 2.5 0.0 0 1 1 4 4
-1157.2 4157.4 -1.9 271 0 21.3 37.9 10.0 0.0 0 1 4 2 2
-4036.2 4811.2 -1.6 14 0 59.2 51.3 10.0 0.0 0 0 4 5 5
-4291.8 5148.3 -4.9 277 0 226.9 120.0 10.0 0.0 0 0 4 2 2
-72.0 4685.0 1.2 181 0 9.9 19.7 10.5 3.5 2 1 3 0 0
-1368.1 3995.4 -4.7 186 0 10.6 14.4 5.0 2.5 2 1 2 2 2
-80.7 4495.9 2.8 93 0 10.7 28.1 14.0 3.5 2 1 4 3 3
63.7 4620.7 1.4 186 0 11.6 18.5 14.0 0.0 0 1 4 1 1
