5782.6 -223.2 25.1 92 0 19.1 24.6 12.5 2.5 2 1 5 5 5
5856.4 -125.8 26.4 26 0 25.5 13.2 7.5 0.0 0 0 3 4 4
5816.0 -133.6 26.2 194 0 20.2 16.6 10.0 2.5 2 0 4 1 1
6665.4 -465.0 25.9 157 0 12.3 30.8 10.0 2.5 2 1 4 5 5
6164.8 -1067.7 15.2 256 0 11.1 17.7 10.0 0.0 0 1 4 3 3
6707.7 411.9 19.4 292 0 5.1 8.1 2.5 0.0 0 1 1 0 0
5163.9 -701.4 19.1 51 0 12.5 20.1 10.0 0.0 0 1 4 3 3
5839.7 -82.2 26.4 208 0 6.8 11.9 5.0 2.5 2 1 2 2 2
6165.4 -26.3 23.8 198 0 12.2 32.5 14.0 3.5 2 1 4 5 5
6614.3 454.7 16.6 108 0 15.1 9.6 2.5 2.5 2 0 1 5 5
5652.2 482.6 25.2 276 0 5.0 8.1 5.0 0.0 0 1 2 1 1
6654.6 523.1 17.0 258 0 14.2 27.9 10.0 2.5 2 1 4 3 3
6038.0 -87.2 24.4 282 0 18.0 12.6 7.5 2.5 2 0 3 4 4
6809.7 275.9 23.2 182 0 25.9 8.3 5.0 2.5 2 0 2 2 2
6747.8 -162.3 25.4 354 0 15.0 6.8 5.0 2.5 2 0 2 5 5
5604.7 343.2 24.1 94 0 9.2 33.9 7.5 2.5 4 1 3 3 3
6180.1 -80.0 22.4 108 0 10.0 9.5 10.5 3.5 2 0 3 1 1
6677.9 -422.1 26.4 181 0 12.5 11.0 10.0 2.5 2 0 4 4 4
6617.3 463.9 16.6 108 0 15.1 12.2 5.0 2.5 2 0 2 1 1
6602.1 -480.4 25.4 289 0 7.1 10.9 7.5 2.5 2 1 3 2 2
5808.7 -128.4 26.0 19 0 15.1 10.6 7.5 2.5 2 0 3 3 3
6063.0 -75.4 25.0 108 0 7.8 19.5 7.5 2.5 2 1 3 1 1
6588.9 422.0 16.3 285 0 13.8 22.1 10.0 2.5 4 1 4 2 2
6824.8 289.2 23.5 264 0 8.1 5.4 7.5 2.5 2 0 3 5 5
6668.0 462.4 17.7 82 0 15.2 11.0 7.5 2.5 2 0 3 4 4
6817.4 224.1 23.8 189 0 13.2 18.0 2.5 2.5 2 0 1 3 3
6657.9 472.1 17.6 82 0 12.1 9.7 7.5 2.5 2 0 3 3 3
6253.4 -1145.1 14.9 22 0 17.6 14.4 5.0 2.5 4 0 2 2 2
6844.5 269.9 23.5 9 0 13.0 14.3 5.0 2.5 2 0 2 3 3
6510.5 -1257.6 15.6 254 0 16.4 16.3 10.0 2.5 2 0 4 4 4
6758.8 -174.2 25.4 354 0 11.1 26.3 7.5 2.5 2 0 3 4 4
6209.1 -82.0 21.4 107 0 26.9 30.1 14.0 0.0 0 1 4 3 3
6504.7 -1290.8 15.1 189 0 13.6 15.8 7.5 2.5 2 0 3 1 1
6654.7 438.9 17.2 8 0 7.0 26.7 5.0 2.5 2 1 2 1 1
5104.4 -298.6 18.9 191 0 17.3 10.0 7.5 2.5 2 0 3 4 4
6713.9 498.8 18.3 359 0 27.1 16.3 10.0 2.5 2 0 4 1 1
6864.6 319.4 22.4 7 0 63.9 10.2 7.5 2.5 4 0 3 2 2
6716.6 463.5 18.7 358 0 26.1 16.8 7.5 2.5 2 0 3 0 0
5955.6 487.7 27.0 255 0 36.4 14.6 10.0 2.5 2 0 4 5 5
5642.2 412.5 24.7 358 0 15.6 15.5 7.5 0.0 0 0 3 3 3
6872.9 38.8 19.2 102 0 13.3 24.0 10.0 2.5 2 1 4 2 2
5804.9 -32.1 25.6 302 0 10.9 28.4 10.0 2.5 2 1 4 4 4
6090.0 -936.8 17.1 150 0 14.4 37.7 7.5 0.0 0 0 3 0 0
5673.5 -476.3 16.6 65 0 7.7 9.5 2.5 2.5 2 1 1 5 5
5745.6 -463.6 15.6 59 0 10.7 10.5 5.0 2.5 2 0 2 4 4
5324.3 705.3 22.3 236 0 12.8 24.0 10.0 2.5 2 1 4 0 0
6373.5 -485.2 20.8 20 0 23.6 7.9 5.0 2.5 2 0 2 2 2
6496.6 -1224.2 16.2 347 0 27.0 18.2 10.0 2.5 2 0 4 0 0
6453.3 25.1 17.8 270 0 12.1 13.5 5.0 2.5 2 1 2 1 1
6492.3 -0.8 18.5 306 0 14.8 18.9 2.5 0.0 0 1 1 2 2
5398.6 704.2 23.3 219 0 8.2 16.6 2.5 2.5 2 1 1 3 3
5061.7 -567.5 18.8 270 0 16.4 17.0 7.5 0.0 0 1 3 4 4
5080.0 -594.5 19.2 131 0 19.5 21.4 10.0 0.0 0 1 4 1 1
5175.1 -545.7 20.1 201 0 35.0 17.2 10.0 2.5 2 0 4 3 3
6653.2 -1437.4 12.1 123 0 7.9 24.1 5.0 2.5 2 1 2 0 0
5321.6 -524.2 21.7 124 0 6.6 15.0 7.5 2.5 2 1 3 1 1
6367.5 -764.4 22.9 90 0 9.8 14.0 5.0 2.5 4 1 2 3 3
5211.0 -215.0 19.7 55 0 11.4 20.5 5.0 2.5 2 1 2 2 2
4888.0 -496.9 17.0 175 0 11.5 12.4 2.5 2.5 2 1 1 0 0
5294.1 -45.2 20.4 132 0 7.5 12.7 7.5 2.5 2 1 3 3 3
6450.6 -1331.5 13.9 178 0 13.2 6.5 5.0 0.0 0 0 2 0 0
5917.8 -74.4 27.1 309 0 6.5 12.6 7.5 2.5 2 1 3 3 3
5398.8 -28.8 21.5 187 0 14.1 15.4 2.5 2.5 2 1 1 4 4
6843.5 532.2 21.4 42 0 10.5 15.8 4.0 2.5 2 1 1 2 2
6860.6 582.3 21.7 220 0 12.7 5.8 2.5 2.5 2 0 1 1 1
4285.0 -1303.2 -2.6 194 0 14.5 7.3 7.5 2.5 2 0 3 3 3
5834.9 -151.5 25.9 290 0 16.4 30.1 7.5 0.0 0 1 3 0 0
6894.8 -986.0 10.9 85 0 5.7 18.3 7.5 2.5 2 1 3 2 2
6092.3 -1222.3 10.9 177 0 53.2 12.8 7.5 2.5 2 0 3 1 1
5354.2 -506.5 21.9 25 0 10.2 9.6 5.0 2.5 4 0 2 0 0
5619.4 607.0 25.4 194 0 13.5 35.8 7.5 0.0 0 1 3 2 2
5614.4 736.9 25.5 6 0 6.7 30.2 7.5 2.5 2 1 3 0 0
5590.2 819.2 25.8 3 0 5.6 6.5 7.5 2.5 2 1 3 5 5
5584.9 837.6 25.8 3 0 5.6 6.5 5.0 0.0 0 1 2 5 5
5595.3 824.1 25.9 9 0 5.6 6.5 2.5 2.5 4 1 1 2 2
5588.4 831.3 25.9 3 0 5.6 6.5 5.0 2.5 2 1 2 1 1
5217.2 4594.6 -10.5 67 0 42.8 12.9 7.5 2.5 2 0 3 1 1
5580.6 334.7 23.8 93 0 16.9 20.3 7.5 0.0 0 0 3 0 0
5135.4 -1296.9 2.1 197 0 7.2 10.6 5.0 2.5 2 1 2 2 2
5196.1 4551.2 -8.0 205 0 17.6 25.3 12.5 0.0 0 1 5 3 3
4946.0 4486.4 -7.1 294 0 23.7 23.5 7.5 2.5 2 0 3 5 5
4752.1 4144.2 -10.1 63 0 26.6 30.6 5.0 0.0 0 1 2 1 1
4563.4 3784.3 -7.4 95 0 92.6 120.1 10.0 0.0 0 1 4 5 5
4644.3 5069.8 -19.6 274 0 11.2 11.3 2.5 2.5 2 1 1 3 3
4624.9 5107.6 -19.9 98 0 11.6 16.3 2.5 2.5 2 1 1 3 3
4602.2 5113.9 -19.2 105 0 13.2 17.6 2.5 0.0 0 1 1 4 4
4579.7 5120.1 -18.6 101 0 12.7 17.1 2.5 2.5 2 1 1 0 0
4509.2 4778.6 -8.9 15 0 21.1 20.4 2.5 2.5 2 0 1 0 0
4520.7 4752.4 -8.1 196 0 7.8 11.1 2.5 2.5 4 1 1 0 0
4503.2 4740.7 -7.4 17 0 13.3 17.5 2.5 2.5 2 1 1 2 2
3263.0 5039.0 -10.7 348 0 10.3 42.4 5.0 2.5 2 0 2 1 1
3239.4 5077.5 -11.0 309 0 11.1 42.3 5.0 2.5 2 0 2 1 1
3194.4 5092.4 -10.6 266 0 11.4 42.4 5.0 2.5 2 0 2 4 4
3150.6 5072.6 -9.8 227 0 10.9 41.8 5.0 2.5 2 0 2 5 5
3132.2 5033.9 -9.5 185 0 10.7 42.2 5.0 2.5 2 0 2 4 4
3150.1 5058.6 -9.6 212 0 14.5 12.5 10.0 2.5 2 0 4 4 4
3106.1 4918.3 -7.7 166 0 10.5 43.7 5.0 2.5 2 0 2 3 3
3110.8 4964.4 -8.1 206 0 10.9 43.3 5.0 2.5 2 0 2 0 0
3131.6 4880.7 -7.5 127 0 11.3 44.7 5.0 2.5 2 0 2 2 2
3175.9 4867.8 -7.9 86 0 10.8 44.7 5.0 2.5 2 0 2 1 1
3217.8 4887.3 -8.2 46 0 10.6 43.8 5.0 2.5 2 0 2 2 2
3145.1 4989.9 -8.8 188 0 11.9 20.4 5.0 0.0 0 0 2 0 0
3214.1 5080.4 -10.7 283 0 21.0 12.3 5.0 2.5 2 0 2 0 0
3587.8 4098.6 -4.8 22 0 17.0 16.2 2.5 2.5 2 0 1 1 1
3722.7 4176.7 -6.9 155 0 18.4 30.2 12.5 0.0 0 1 5 3 3
4405.2 4352.7 -11.3 247 0 31.2 13.3 7.5 2.5 2 0 3 5 5
5508.6 5073.4 -32.7 202 0 12.4 17.3 5.0 2.5 2 1 2 4 4
5513.6 5118.7 -34.4 291 0 9.5 11.4 5.0 2.5 4 1 2 3 3
5477.7 5088.2 -32.4 120 0 8.2 9.8 5.0 2.5 4 1 2 0 0
5948.0 698.6 23.9 18 0 5.4 12.3 2.5 2.5 2 1 1 0 0
6028.1 775.1 21.0 306 0 10.4 15.1 7.5 2.5 2 1 3 3 3
6178.8 665.6 19.7 285 0 13.8 15.7 2.5 2.5 4 1 1 4 4
6144.8 729.1 19.2 195 0 6.8 9.8 5.0 2.5 2 1 2 4 4
5859.1 379.4 27.1 70 0 14.3 8.8 7.5 2.5 4 0 3 0 0
5915.9 -19.1 26.9 137 0 27.0 13.2 7.5 2.5 2 0 3 5 5
1746.1 4798.8 -1.3 237 0 36.6 38.0 10.0 0.0 0 1 4 4 4
1788.9 4925.2 -1.2 279 0 95.2 35.5 7.5 0.0 0 0 3 4 4
1821.8 4565.5 -3.0 202 0 56.4 24.7 7.5 2.5 2 0 3 1 1
1500.1 4557.5 -5.3 283 0 57.2 49.8 7.5 0.0 0 0 3 5 5
1586.8 4519.2 -5.0 12 0 42.8 45.0 7.5 0.0 0 1 3 1 1
1628.9 4504.1 -5.0 279 0 53.1 51.6 7.5 0.0 0 0 3 2 2
1732.4 4521.0 -4.4 327 0 39.0 64.9 7.5 0.0 0 1 3 3 3
3643.8 3864.5 -4.3 136 0 8.8 5.1 2.5 2.5 2 0 1 0 0
3434.6 3655.8 -1.1 17 0 10.6 9.4 7.5 0.0 0 0 3 4 4
3364.5 3492.7 0.3 282 0 28.4 8.7 7.5 2.5 2 0 3 2 2
5330.3 4066.7 -4.4 105 0 37.8 16.9 7.5 2.5 2 0 3 1 1
5322.1 4108.8 -4.8 195 0 15.9 37.4 7.5 2.5 2 1 3 4 4
5469.4 3760.0 1.7 107 0 14.9 40.2 10.0 2.5 2 1 4 3 3
5605.4 4564.1 -14.6 41 0 13.8 18.6 7.5 0.0 0 1 3 1 1
5031.4 3390.7 4.7 159 0 11.9 22.1 7.5 2.5 2 1 3 5 5
5169.3 3930.0 -2.8 267 0 10.0 11.7 5.0 2.5 2 1 2 5 5
5133.5 3925.0 -3.1 86 0 7.0 8.0 5.0 2.5 4 1 2 0 0
5127.2 3983.1 -4.2 2 0 8.7 7.7 7.5 2.5 2 0 3 4 4
5248.5 3991.8 -3.5 15 0 21.4 10.3 10.0 2.5 2 0 4 2 2
5008.9 3412.4 3.4 17 0 25.0 43.8 7.5 0.0 0 1 3 0 0
5297.7 3461.5 5.7 104 0 19.0 23.2 7.5 0.0 0 1 3 4 4
5315.6 3990.2 -3.2 106 0 38.3 16.6 10.0 2.5 2 0 4 4 4
5327.6 4035.1 -3.6 285 0 37.1 15.8 10.0 2.5 2 0 4 4 4
5361.8 4011.3 -3.0 285 0 36.9 16.2 10.0 2.5 2 0 4 4 4
5404.0 4000.3 -2.5 285 0 37.6 16.8 12.5 2.5 2 0 5 4 4
5434.3 3959.2 -1.8 106 0 37.5 16.4 10.0 2.5 2 0 4 0 0
5444.5 4004.1 -2.2 285 0 34.7 15.3 10.0 2.5 4 0 4 3 3
