-6513.1 2851.8 -3.7 86 0 15.7 36.3 17.5 3.5 2 1 5 0 0
-6666.8 3101.3 -5.7 184 0 36.2 14.3 17.5 0.0 0 0 5 5 5
-6550.8 2883.4 -4.1 179 0 84.8 23.8 17.5 0.0 0 0 5 4 4
-6637.9 3121.7 -5.5 274 0 12.8 44.7 17.5 0.0 0 1 5 2 2
-6589.7 3118.1 -5.1 274 0 12.8 44.7 17.5 0.0 0 1 5 5 5
-6608.8 3119.3 -5.3 274 0 12.8 44.7 17.5 0.0 0 1 5 2 2
-6469.3 2813.2 -3.3 263 0 82.2 23.4 17.5 0.0 0 0 5 0 0
-6459.5 3108.4 -4.1 263 0 29.9 28.3 17.5 0.0 0 0 5 2 2
-6478.4 2732.3 -2.9 175 0 27.9 93.8 17.5 0.0 0 1 5 3 3
-6256.6 2654.7 -0.7 178 0 28.9 45.1 17.5 0.0 0 1 5 1 1
-6261.7 2722.6 -1.8 172 0 8.6 47.3 7.5 2.5 2 1 3 3 3
-6473.0 2688.5 -2.7 174 0 30.6 93.7 17.5 0.0 0 1 5 0 0
-6260.0 2556.6 -1.3 343 0 12.3 33.5 17.5 3.5 2 1 5 5 5
-6264.8 2722.4 -1.9 351 0 9.5 41.9 7.5 0.0 0 1 3 5 5
-6829.0 2899.1 -6.3 85 0 16.8 13.4 14.0 3.5 2 0 4 2 2
-6376.2 2647.0 -1.8 1 0 14.1 16.4 17.5 3.5 2 1 5 4 4
-6856.5 2997.9 -6.8 179 0 14.9 18.5 14.0 3.5 2 1 4 1 1
-6628.5 2877.2 -4.7 356 0 32.6 14.0 14.0 3.5 2 0 4 4 4
-6778.0 3268.0 -7.1 270 0 14.9 30.3 7.5 2.5 2 1 3 0 0
-6786.8 2546.7 -4.7 94 0 12.7 30.1 14.0 3.5 2 1 4 5 5
-6816.4 3252.5 -7.4 180 0 29.8 15.1 10.0 2.5 2 0 4 2 2
