-3888.5 -1951.0 -2.2 275 0 51.4 27.9 10.0 0.0 0 0 4 3 3
-3699.3 -2629.3 -4.7 96 0 43.4 96.3 7.5 0.0 0 1 3 4 4
-3663.7 -2480.0 -4.8 6 0 97.1 41.4 10.0 0.0 0 0 4 0 0
-4259.2 -2550.9 0.8 186 0 10.6 32.6 10.0 2.5 2 1 4 0 0
-4268.8 -2503.8 1.6 4 0 20.4 13.7 10.0 2.5 2 0 4 0 0
-4280.6 -2531.7 1.4 184 0 12.8 8.7 7.5 0.0 0 0 3 5 5
-4233.4 -2501.7 1.1 184 0 19.3 13.5 7.5 0.0 0 0 3 1 1
-4307.4 -2597.7 1.1 353 0 14.7 29.3 5.0 2.5 2 1 2 4 4
-4370.2 -2605.6 0.5 173 0 14.7 28.9 15.0 0.0 0 1 6 0 0
-4051.2 -2341.6 0.2 95 0 8.9 66.2 7.5 2.5 2 1 3 2 2
-4063.9 -1881.3 -4.3 185 0 45.3 18.7 12.5 2.5 2 0 5 4 4
-4297.4 -1922.2 -4.0 277 0 23.0 10.8 5.0 2.5 2 0 2 4 4
-3759.5 -2064.5 -3.7 275 0 36.6 15.0 7.5 2.5 2 0 3 1 1
-3912.7 -2484.9 -2.0 186 0 13.1 36.1 7.5 2.5 2 1 3 3 3
-4129.7 -1862.7 -4.0 186 0 140.1 44.7 12.5 0.0 0 0 5 1 1
-4269.3 -1902.4 -4.2 186 0 50.0 128.7 10.0 0.0 0 1 4 0 0
-4263.2 -1847.8 -4.4 186 0 44.1 126.7 12.5 0.0 0 1 5 2 2
-4258.4 -1797.4 -4.5 186 0 46.6 128.1 12.5 0.0 0 1 5 2 2
-4313.1 -1814.5 -4.5 96 0 90.9 43.7 12.5 0.0 0 0 5 0 0
-4322.9 -1827.5 -3.7 6 0 20.9 38.5 12.5 0.0 0 1 5 2 2
-4317.4 -1868.0 -4.4 186 0 96.4 44.5 7.5 0.0 0 0 3 1 1
-4370.2 -1874.8 -3.9 186 0 75.5 45.6 7.5 0.0 0 0 3 5 5
-4337.4 -1970.9 -3.5 6 0 80.1 38.0 12.5 0.0 0 0 5 1 1
-4286.0 -1977.5 -4.0 6 0 81.6 38.2 17.5 0.0 0 0 7 5 5
-4147.4 -1971.9 -3.8 6 0 46.7 127.6 12.5 0.0 0 1 5 0 0
-4217.9 -2041.1 -2.9 96 0 128.5 47.3 12.5 0.0 0 0 5 2 2
-4115.8 -1952.9 -2.8 276 0 38.1 81.8 12.5 0.0 0 1 5 4 4
-4087.2 -2031.5 -1.4 186 0 68.2 11.9 12.5 2.5 2 0 5 3 3
-4151.3 -2061.7 -0.9 276 0 100.3 40.3 12.5 0.0 0 0 5 4 4
-4286.4 -2069.3 -1.5 186 0 41.5 75.4 10.0 0.0 0 1 4 5 5
-4296.0 -2068.8 -1.3 6 0 40.3 93.8 7.5 0.0 0 1 3 1 1
-3610.8 -2508.6 -5.4 6 0 10.0 43.9 10.0 2.5 2 1 4 1 1
-3588.6 -2546.4 -5.5 6 0 43.7 74.5 10.0 0.0 0 1 4 1 1
-3550.9 -2321.9 -5.2 276 0 24.4 35.8 7.5 0.0 0 1 3 1 1
-3602.3 -2320.0 -5.3 276 0 70.6 32.9 12.5 0.0 0 0 5 3 3
-3559.8 -2430.4 -5.4 6 0 126.0 42.0 5.0 0.0 0 0 2 0 0
-3608.3 -2424.9 -5.4 6 0 127.2 42.4 7.5 0.0 0 0 3 1 1
-3664.2 -2282.8 -4.9 276 0 36.7 141.8 7.5 0.0 0 1 3 5 5
-3789.3 -2300.6 -3.1 276 0 12.2 41.3 7.5 2.5 2 1 3 2 2
-3827.0 -2313.0 -2.9 276 0 44.4 27.6 10.0 0.0 0 0 4 3 3
-3938.5 -2306.9 -2.3 186 0 43.6 81.7 12.5 0.0 0 1 5 5 5
-3955.8 -2599.5 -1.9 96 0 43.5 128.6 12.5 0.0 0 1 5 5 5
-3907.7 -2605.2 -2.4 96 0 43.1 105.7 7.5 0.0 0 1 3 1 1
-3856.9 -2608.3 -2.8 96 0 38.7 111.1 5.0 0.0 0 1 2 2 2
-3856.2 -2402.9 -2.8 186 0 107.9 38.2 5.0 0.0 0 0 2 1 1
-3908.7 -2404.3 -2.2 184 0 127.0 42.8 12.5 0.0 0 0 5 5 5
-3958.4 -2397.8 -1.5 186 0 127.1 42.5 7.5 0.0 0 0 3 0 0
-4197.5 -2328.9 1.9 276 0 14.8 55.1 10.0 2.5 2 1 4 3 3
-4259.2 -2358.2 1.9 186 0 83.1 43.4 10.0 0.0 0 0 4 0 0
-3277.7 -2108.8 -4.5 19 0 17.9 14.4 10.0 2.5 2 0 4 3 3
-4141.5 -2395.3 1.3 6 0 25.2 45.0 10.0 0.0 0 0 4 1 1
-4146.5 -2332.1 1.1 276 0 70.8 37.5 7.5 0.0 0 0 3 1 1
-4093.3 -2339.5 0.7 276 0 26.9 58.7 7.5 2.5 2 1 3 3 3
-4074.4 -2422.6 0.1 276 0 24.4 54.9 7.5 2.5 2 1 3 2 2
-4200.8 -2453.0 0.8 96 0 127.4 38.1 10.0 0.0 0 0 4 2 2
-4313.8 -2378.3 2.1 186 0 128.3 44.7 17.5 0.0 0 0 7 1 1
-4243.2 -2308.2 1.4 96 0 45.5 125.5 15.0 0.0 0 1 6 1 1
-4192.1 -2312.7 1.7 96 0 45.8 125.6 7.5 0.0 0 1 3 0 0
-4141.7 -2320.2 1.0 96 0 44.8 128.3 5.0 0.0 0 1 2 5 5
-4090.5 -2324.7 0.4 96 0 44.3 127.8 10.0 0.0 0 1 4 1 1
-4078.9 -2167.3 0.6 6 0 43.6 143.6 7.5 0.0 0 1 3 3 3
-4293.8 -2303.3 1.3 96 0 44.7 125.6 12.5 0.0 0 1 5 2 2
