-5245.6 6529.1 -31.1 89 0 35.7 15.2 7.5 0.0 0 0 3 1 1
-694.8 -2397.3 -12.5 10 0 19.3 12.4 7.5 2.5 2 0 3 5 5
-6690.9 547.9 22.1 280 0 34.9 57.7 14.0 0.0 0 1 4 4 4
-3373.7 -268.9 -6.1 219 0 6.1 12.9 10.5 3.5 2 1 3 4 4
-4048.1 -628.3 18.6 0 0 21.7 35.0 10.5 0.0 0 0 3 3 3
-4057.8 -612.0 18.5 270 0 19.3 5.4 10.5 3.5 2 0 3 1 1
-4021.4 -649.5 13.4 88 0 23.3 33.4 10.5 0.0 0 1 3 3 3
-4053.6 -694.2 10.9 255 0 5.1 14.1 10.5 3.5 2 1 3 3 3
-4058.8 -684.9 13.3 166 0 12.0 6.6 10.5 3.5 2 0 3 1 1
-4062.0 -661.1 15.3 257 0 8.5 15.1 10.5 3.5 2 1 3 0 0
-3916.5 -615.5 3.3 185 0 22.7 10.1 14.0 3.5 2 0 4 0 0
-4056.3 -503.2 9.9 192 0 14.8 7.3 10.5 0.0 0 0 3 5 5
-4047.6 -557.2 9.4 85 0 5.6 15.0 10.5 3.5 2 1 3 3 3
-3996.8 -599.3 6.5 88 0 20.7 16.8 14.0 3.5 2 0 4 2 2
-3971.5 -560.3 5.3 86 0 18.7 23.6 14.0 3.5 2 1 4 3 3
-4064.6 -571.7 15.0 359 0 5.3 9.2 10.5 3.5 2 1 3 3 3
-4065.1 -581.3 16.9 358 0 9.0 6.6 10.5 3.5 2 0 3 3 3
-4066.4 -605.0 19.6 86 0 20.5 7.2 10.5 3.5 4 0 3 5 5
-4060.4 -566.3 9.9 87 0 14.0 13.5 14.0 3.5 2 0 4 0 0
-4333.7 75.2 11.0 280 0 9.9 26.4 10.5 3.5 2 1 3 5 5
-3754.5 -695.8 -0.5 94 0 9.1 11.1 10.5 3.5 2 1 3 5 5
-3751.4 -635.4 -0.6 273 0 10.2 42.7 14.0 3.5 2 1 4 5 5
-3772.3 -673.5 -0.3 182 0 13.4 7.6 10.5 3.5 2 0 3 0 0
-3737.9 -703.7 -0.9 97 0 12.8 5.6 10.5 3.5 2 0 3 0 0
-3697.2 -711.3 -2.3 97 0 35.1 7.0 10.5 0.0 0 0 3 3 3
-4519.7 161.8 11.6 196 0 15.6 6.3 10.5 3.5 4 0 3 5 5
-5371.5 2013.0 -12.1 91 0 10.6 21.8 17.5 3.5 2 1 5 2 2
-4174.8 2024.7 -14.1 90 0 18.0 29.8 17.5 3.5 2 1 5 0 0
-5198.0 1104.5 -3.4 185 0 9.0 12.8 10.5 3.5 4 1 3 1 1
-4588.3 402.1 5.1 181 0 4.4 30.0 10.5 3.5 2 1 3 1 1
-4240.6 -3947.1 -3.9 286 0 81.2 16.6 10.0 2.5 2 0 4 1 1
-4779.8 1732.3 -9.9 271 0 25.8 24.5 14.0 0.0 0 0 4 4 4
-4685.2 1606.5 -12.7 277 0 12.0 23.5 17.5 3.5 2 1 5 3 3
-5279.7 1802.7 -12.8 168 0 8.9 27.3 10.5 3.5 2 1 3 1 1
