4934.4 -3910.2 -12.0 25 0 12.6 22.6 7.5 2.5 2 1 3 0 0
4990.8 -3809.5 -12.5 22 0 23.6 19.6 5.0 2.5 2 0 2 2 2
5213.9 -3294.0 -8.3 33 0 67.2 40.1 10.0 0.0 0 0 4 2 2
5175.3 -3334.2 -7.4 123 0 8.8 7.3 5.0 2.5 2 0 2 5 5
5228.3 -3234.3 -7.8 121 0 23.9 4.5 2.5 0.0 0 0 1 4 4
5119.4 -3325.3 -7.2 297 0 5.0 33.5 7.5 2.5 2 1 3 3 3
5208.3 -3232.5 -8.0 120 0 6.1 15.1 7.5 2.5 2 1 3 5 5
5191.1 -2928.2 -11.2 280 0 34.8 54.8 7.5 0.0 0 1 3 4 4
5164.3 -3327.2 -7.6 123 0 14.5 7.3 7.5 2.5 2 0 3 2 2
5216.2 -3206.9 -7.9 215 0 11.0 6.8 5.0 2.5 2 0 2 0 0
5265.7 -3215.8 -7.8 301 0 11.0 4.6 7.5 2.5 2 0 3 0 0
-2364.9 -2537.1 -8.0 10 0 110.5 444.5 10.0 0.0 0 1 4 2 2
-2742.0 -4351.4 -8.4 287 0 69.3 164.9 15.0 0.0 0 1 6 1 1
-2674.1 -4533.5 -11.2 92 0 118.7 55.6 10.0 0.0 0 0 4 4 4
-2554.4 -4420.3 -10.7 357 0 53.4 144.6 10.0 0.0 0 1 4 2 2
-4665.8 286.4 5.4 358 0 35.1 98.7 7.5 0.0 0 1 3 0 0
-4671.3 336.4 5.2 358 0 37.2 89.4 15.0 0.0 0 1 6 0 0
-4512.6 450.0 4.7 267 0 53.0 22.7 10.0 2.5 2 0 4 4 4
-4450.2 407.2 4.9 267 0 49.2 73.2 7.5 0.0 0 1 3 3 3
-4499.7 -64.7 7.5 357 0 21.0 90.4 7.5 0.0 0 1 3 2 2
-4496.1 19.3 6.8 358 0 106.4 85.6 12.5 0.0 0 0 5 5 5
-4939.1 403.2 3.8 253 0 75.1 130.3 10.0 0.0 0 1 4 2 2
-5020.3 335.3 4.0 253 0 79.3 90.3 10.0 0.0 0 1 4 3 3
-4924.8 148.8 5.6 253 0 23.9 46.6 10.0 0.0 0 1 4 4 4
-4983.6 218.2 4.8 253 0 96.0 56.7 10.0 0.0 0 0 4 4 4
-4725.8 12.8 6.7 343 0 33.1 45.3 7.5 0.0 0 1 3 0 0
-4698.8 -159.8 7.1 73 0 52.8 111.9 10.0 0.0 0 1 4 3 3
-4857.8 -173.1 7.3 163 0 46.8 96.5 7.5 0.0 0 1 3 4 4
-4907.6 -211.2 7.6 163 0 18.1 31.7 10.0 0.0 0 1 4 1 1
-4898.4 -191.5 7.3 73 0 30.9 52.6 10.0 0.0 0 1 4 2 2
-4889.1 -281.9 7.8 163 0 63.6 62.2 7.5 0.0 0 0 3 0 0
-5798.7 147.8 2.2 267 0 45.1 80.5 12.5 0.0 0 1 5 5 5
-5547.9 219.5 -1.9 265 0 70.2 50.8 10.0 0.0 0 0 4 3 3
-5536.7 106.3 -0.8 264 0 71.8 113.6 10.0 0.0 0 1 4 0 0
-6313.5 -792.4 -3.6 178 0 27.2 19.9 5.0 0.0 0 0 2 4 4
-6234.3 -828.2 -2.7 357 0 15.1 46.8 5.0 2.5 2 1 2 4 4
-6314.0 -885.6 -2.6 177 0 18.2 100.8 10.0 0.0 0 1 4 5 5
-6204.3 -950.0 -1.3 359 0 54.0 41.2 10.0 0.0 0 0 4 5 5
-6131.9 -1046.8 1.2 269 0 20.9 71.7 7.5 2.5 2 1 3 5 5
-6099.2 -902.6 0.0 178 0 43.4 21.8 10.0 0.0 0 0 4 5 5
-6163.8 -904.7 -0.7 179 0 45.3 59.3 10.0 0.0 0 1 4 5 5
-6032.9 -907.8 0.9 178 0 45.1 119.0 12.5 0.0 0 1 5 1 1
-6034.8 -846.7 0.3 176 0 21.9 57.7 10.0 0.0 0 1 4 2 2
-5971.6 -844.1 1.1 177 0 20.2 57.1 10.0 2.5 2 1 4 3 3
-5979.4 -724.4 -0.8 268 0 121.6 44.5 10.0 0.0 0 0 4 0 0
-6117.6 -732.4 -2.2 177 0 91.0 38.7 12.5 0.0 0 0 5 5 5
-5993.5 -571.3 -1.2 88 0 91.2 91.0 12.5 0.0 0 0 5 2 2
-5832.2 -527.9 2.0 88 0 112.2 200.2 12.5 0.0 0 1 5 4 4
-5744.1 -696.5 2.9 267 0 33.3 120.4 10.0 0.0 0 1 4 2 2
-5747.9 -833.1 3.6 267 0 39.1 19.8 5.0 0.0 0 0 2 5 5
-5626.5 -897.4 5.8 264 0 25.5 46.7 10.0 0.0 0 1 4 0 0
-5481.1 -1044.6 8.8 85 0 19.5 20.3 7.5 2.5 2 1 3 5 5
-5510.4 -1038.6 8.3 352 0 20.9 31.6 7.5 0.0 0 1 3 2 2
-5540.3 -824.8 5.7 264 0 107.1 45.5 10.0 0.0 0 0 4 4 4
-5397.4 -1095.5 8.2 349 0 72.3 122.8 12.5 0.0 0 1 5 2 2
-5383.9 -1204.3 7.9 358 0 62.8 114.2 12.5 0.0 0 1 5 5 5
-6579.5 6310.3 -16.9 98 0 11.1 27.0 10.0 2.5 2 1 4 3 3
-6593.9 6312.7 -16.9 98 0 11.1 27.0 7.5 2.5 2 1 3 2 2
-6564.6 6379.5 -17.3 17 0 33.6 13.8 10.0 2.5 2 0 4 3 3
-6565.4 6332.0 -17.1 190 0 54.1 9.2 7.5 0.0 0 0 3 5 5
-6550.1 6306.3 -17.1 100 0 9.2 49.5 7.5 2.5 2 1 3 2 2
-6581.3 6293.4 -17.8 255 0 15.9 58.7 12.5 2.5 2 1 5 4 4
