-3610.5 -3385.0 -8.9 4 0 47.1 10.0 14.0 3.5 2 0 4 3 3
-3467.2 -3228.9 -10.3 1 0 68.6 77.8 17.5 0.0 0 1 5 2 2
-3571.1 -3453.5 -8.0 1 0 41.4 36.9 14.0 0.0 0 0 4 3 3
-3646.2 -3523.6 -6.7 1 0 45.6 22.6 17.5 3.5 2 0 5 2 2
-3923.7 -2547.7 -9.2 173 0 66.6 63.1 38.5 0.0 0 0 11 0 0
-4143.0 -2563.6 -9.5 93 0 48.3 57.8 38.5 0.0 0 0 11 0 0
-4021.2 -2527.0 -9.4 92 0 191.0 22.1 21.0 0.0 0 0 6 1 1
-3711.4 -2914.0 -13.0 172 0 61.2 32.2 14.0 0.0 0 0 4 5 5
-3647.6 -2903.5 -13.2 352 0 81.3 25.8 14.0 0.0 0 0 4 2 2
-3721.4 -2840.1 -11.8 172 0 62.7 32.1 14.0 0.0 0 0 4 5 5
-3701.9 -2654.3 -11.4 263 0 52.6 43.3 17.5 0.0 0 0 5 5 5
-3505.6 -3516.2 -8.1 180 0 30.1 21.0 14.0 3.5 2 0 4 4 4
-3414.6 -3139.5 -10.8 271 0 47.5 77.5 14.0 0.0 0 1 4 0 0
-3372.4 -3140.6 -10.6 272 0 30.6 76.9 14.0 0.0 0 1 4 1 1
-3318.1 -3264.9 -10.9 192 0 19.6 42.2 17.5 3.5 2 1 5 2 2
-3312.9 -3300.8 -10.0 105 0 19.2 10.8 17.5 3.5 2 0 5 1 1
-3299.7 -3317.1 -10.2 113 0 16.0 17.2 17.5 3.5 2 1 5 0 0
-3663.6 -2605.3 -10.8 171 0 22.0 11.8 17.5 3.5 2 0 5 5 5
-607.5 -2322.5 -10.4 89 0 11.4 11.9 14.0 3.5 2 1 4 1 1
60.2 -2628.8 -4.7 350 0 61.8 48.0 10.5 0.0 0 0 3 2 2
-514.2 -2183.3 -8.4 91 0 43.1 72.5 17.5 0.0 0 1 5 3 3
-604.3 -2328.6 -10.4 271 0 9.0 14.4 10.5 3.5 4 1 3 4 4
-550.6 -2330.7 -9.3 268 0 10.4 13.3 17.5 3.5 2 1 5 0 0
-596.8 -2297.4 -10.1 268 0 7.5 10.8 10.5 3.5 2 1 3 5 5
-577.9 -2323.2 -9.8 91 0 11.3 12.7 14.0 3.5 2 1 4 2 2
-607.8 -2298.7 -10.3 269 0 11.6 9.9 10.5 3.5 4 0 3 2 2
-193.8 -2478.7 -4.6 351 0 8.7 14.4 10.5 0.0 0 1 3 1 1
-183.9 -2378.1 -5.0 266 0 8.8 13.7 10.5 3.5 2 1 3 0 0
-211.1 -2383.3 -5.3 264 0 9.8 11.9 10.5 0.0 0 1 3 3 3
-223.6 -2382.0 -5.5 266 0 9.1 11.5 10.5 3.5 2 1 3 3 3
-234.4 -2383.3 -5.6 267 0 8.9 12.7 10.5 3.5 2 1 3 4 4
-261.1 -2385.4 -5.9 265 0 10.7 12.7 14.0 3.5 2 1 4 5 5
-297.2 -2390.4 -6.3 263 0 9.9 12.6 10.5 3.5 4 1 3 4 4
-309.0 -2392.8 -6.4 266 0 10.0 14.5 10.5 3.5 2 1 3 1 1
-301.3 -2432.7 -6.3 87 0 10.1 16.5 14.0 3.5 2 1 4 0 0
-292.0 -2432.1 -6.1 88 0 5.7 16.2 10.5 3.5 2 1 3 3 3
-285.3 -2431.1 -6.1 88 0 5.6 17.6 10.5 3.5 2 1 3 0 0
-274.5 -2427.5 -5.9 84 0 9.0 13.3 10.5 3.5 4 1 3 1 1
-263.8 -2427.5 -5.9 87 0 7.6 23.0 10.5 3.5 2 1 3 0 0
-220.6 -2425.1 -5.4 87 0 9.2 29.1 10.5 3.5 2 1 3 0 0
-206.9 -2421.1 -5.1 83 0 9.5 17.9 10.5 0.0 0 1 3 0 0
-192.7 -2419.4 -5.0 84 0 11.8 24.0 14.0 0.0 0 1 4 1 1
-499.6 -2340.7 -8.5 3 0 10.2 11.9 14.0 3.5 2 1 4 1 1
-492.6 -2351.4 -8.3 3 0 10.0 9.7 10.5 3.5 2 0 3 1 1
-507.0 -2364.9 -8.6 90 0 21.8 7.0 10.5 0.0 0 0 3 3 3
-534.6 -2306.1 -8.8 180 0 10.1 16.7 14.0 3.5 2 1 4 2 2
-534.5 -2317.3 -8.8 180 0 9.5 16.8 10.5 3.5 2 1 3 5 5
-538.0 -2331.3 -9.0 183 0 12.9 16.4 14.0 3.5 2 1 4 5 5
-538.0 -2345.0 -9.0 180 0 8.1 17.4 10.5 3.5 2 1 3 5 5
-539.0 -2357.3 -9.1 181 0 15.6 19.6 14.0 3.5 2 1 4 0 0
-154.9 -2348.7 -4.9 84 0 12.7 12.4 14.0 3.5 2 0 4 4 4
-141.6 -2357.1 -4.7 84 0 9.3 19.8 10.5 3.5 2 1 3 4 4
-162.5 -2376.9 -4.7 262 0 11.3 12.9 14.0 3.5 4 1 4 2 2
-120.7 -2376.4 -4.3 352 0 15.7 10.0 14.0 3.5 2 0 4 0 0
-115.1 -2352.2 -4.7 353 0 11.7 6.2 10.5 3.5 2 0 3 0 0
-151.1 -2309.8 -4.5 343 0 17.7 11.8 14.0 3.5 2 0 4 0 0
-131.8 -2294.5 -4.1 344 0 12.5 20.0 14.0 3.5 2 1 4 1 1
-142.3 -2253.5 -3.4 347 0 49.5 12.7 14.0 3.5 2 0 4 5 5
-889.5 -2100.4 -15.4 82 0 8.2 11.8 10.5 3.5 2 1 3 3 3
-900.5 -2091.2 -15.6 265 0 7.5 10.1 10.5 0.0 0 1 3 1 1
-888.9 -2104.7 -15.5 355 0 5.6 13.6 10.5 3.5 2 1 3 0 0
-888.7 -2111.8 -15.5 357 0 5.2 13.1 10.5 3.5 2 1 3 2 2
-886.4 -2125.0 -15.4 350 0 5.9 13.4 10.5 3.5 2 1 3 0 0
-962.6 -2107.1 -16.7 178 0 9.0 14.0 10.5 3.5 2 1 3 0 0
-989.3 -2109.5 -17.2 174 0 8.5 4.5 10.5 3.5 4 0 3 3 3
-993.9 -2095.2 -17.2 176 0 8.6 5.8 10.5 3.5 2 0 3 0 0
-987.1 -2093.7 -17.1 177 0 9.5 5.2 10.5 3.5 2 0 3 1 1
-964.3 -2093.1 -16.7 170 0 9.2 5.6 10.5 3.5 2 0 3 4 4
-932.3 -2089.1 -16.3 357 0 8.4 11.0 10.5 3.5 2 1 3 3 3
-913.4 -2084.5 -15.6 260 0 5.7 7.4 10.5 3.5 2 1 3 5 5
-933.7 -2109.4 -16.2 81 0 7.8 8.4 10.5 3.5 2 1 3 3 3
-924.2 -2107.7 -16.0 80 0 5.7 6.7 10.5 3.5 2 1 3 3 3
-918.6 -2117.1 -15.9 83 0 6.8 8.1 10.5 3.5 2 1 3 0 0
-928.1 -2116.6 -16.1 80 0 8.5 7.1 10.5 3.5 2 0 3 3 3
-939.3 -2118.5 -16.4 86 0 9.2 7.0 10.5 3.5 4 0 3 5 5
-908.4 -2168.8 -15.8 81 0 9.0 13.3 10.5 3.5 2 1 3 3 3
-917.2 -2170.0 -15.9 77 0 4.5 12.1 10.5 3.5 2 0 3 1 1
-945.4 -2174.6 -16.5 81 0 3.3 11.8 10.5 3.5 4 1 3 2 2
-950.4 -2176.0 -16.6 79 0 3.4 11.9 10.5 3.5 2 1 3 1 1
-956.5 -2176.0 -16.7 76 0 5.2 10.9 10.5 3.5 2 1 3 1 1
-907.4 -2175.0 -15.8 263 0 10.0 10.3 10.5 3.5 2 1 3 2 2
-906.2 -2189.6 -15.9 262 0 14.7 10.3 14.0 3.5 2 0 4 2 2
-932.2 -2213.9 -16.4 88 0 7.7 7.9 10.5 3.5 2 1 3 3 3
-931.2 -2223.0 -16.4 262 0 7.1 14.4 10.5 3.5 2 1 3 1 1
-898.5 -2255.5 -15.9 88 0 6.2 15.7 10.5 3.5 2 1 3 0 0
-907.6 -2256.1 -16.1 88 0 8.1 15.3 10.5 3.5 2 1 3 4 4
-916.5 -2257.4 -16.2 85 0 6.4 16.2 10.5 3.5 2 1 3 4 4
-924.3 -2258.4 -16.4 85 0 6.2 14.9 10.5 3.5 2 1 3 4 4
-936.8 -2252.4 -16.7 80 0 12.3 5.2 10.5 3.5 4 0 3 1 1
-977.5 -2217.4 -17.3 82 0 10.0 14.3 14.0 3.5 2 1 4 5 5
-963.3 -2231.2 -17.1 262 0 9.5 7.6 10.5 3.5 2 0 3 2 2
-961.2 -2241.5 -17.1 255 0 8.8 6.5 10.5 0.0 0 0 3 3 3
-957.6 -2256.3 -17.1 84 0 10.3 6.7 10.5 0.0 0 0 3 3 3
-956.2 -2264.4 -17.1 82 0 10.9 7.1 10.5 3.5 2 0 3 4 4
-968.6 -2251.6 -17.3 78 0 8.3 7.6 10.5 0.0 0 0 3 3 3
-967.2 -2265.8 -17.3 85 0 7.6 10.7 10.5 3.5 2 1 3 0 0
-977.3 -2266.8 -17.5 81 0 6.1 14.0 10.5 3.5 2 1 3 0 0
-986.6 -2218.3 -17.5 81 0 6.2 17.5 10.5 3.5 4 1 3 2 2
-994.9 -2219.5 -17.7 79 0 6.8 16.9 10.5 3.5 2 1 3 3 3
-1006.1 -2222.9 -17.9 91 0 7.7 17.6 10.5 3.5 2 1 3 1 1
-1003.9 -2228.4 -17.9 262 0 8.5 17.2 10.5 3.5 2 1 3 3 3
-1002.5 -2270.7 -18.1 86 0 9.8 14.1 10.5 3.5 2 1 3 1 1
-1109.5 -2235.7 -18.3 348 0 15.8 7.0 10.5 3.5 2 0 3 5 5
-1084.2 -2292.0 -18.4 84 0 5.1 15.2 10.5 3.5 2 1 3 4 4
-1083.7 -2299.2 -18.4 253 0 10.7 13.8 14.0 3.5 2 1 4 1 1
-1098.4 -2302.6 -18.4 258 0 9.2 12.5 10.5 3.5 2 1 3 5 5
-1128.0 -2306.7 -18.4 262 0 6.5 12.2 10.5 3.5 2 1 3 4 4
-1134.8 -2301.2 -18.4 81 0 7.5 14.4 10.5 3.5 2 1 3 0 0
-837.3 -2319.5 -15.1 352 0 8.8 10.2 10.5 3.5 2 1 3 3 3
-833.6 -2350.9 -15.1 353 0 7.5 7.8 10.5 3.5 2 1 3 5 5
-865.6 -2371.8 -15.8 350 0 12.3 9.2 10.5 3.5 2 0 3 2 2
-858.0 -2369.6 -15.6 350 0 11.4 6.6 10.5 3.5 2 0 3 3 3
-831.7 -2391.9 -15.3 353 0 6.0 14.4 10.5 3.5 2 1 3 4 4
-831.5 -2400.7 -15.4 357 0 7.6 13.7 10.5 3.5 2 1 3 3 3
-855.8 -2390.3 -15.6 353 0 15.2 5.0 10.5 3.5 2 0 3 2 2
-840.0 -2449.6 -15.6 356 0 15.7 6.3 10.5 3.5 2 0 3 4 4
-847.6 -2450.1 -15.7 354 0 16.5 6.3 10.5 3.5 2 0 3 4 4
-843.0 -2470.7 -15.7 355 0 12.4 6.9 10.5 3.5 2 0 3 2 2
-832.7 -2482.1 -15.6 358 0 7.3 13.0 10.5 3.5 2 1 3 3 3
-874.7 -2433.8 -16.1 167 0 17.2 8.8 10.5 3.5 2 0 3 2 2
-868.9 -2452.5 -16.1 170 0 16.8 6.0 10.5 3.5 2 0 3 1 1
-886.5 -2306.9 -15.9 266 0 6.1 10.5 10.5 3.5 2 1 3 0 0
-846.9 -2295.3 -15.0 88 0 5.9 9.0 10.5 3.5 2 1 3 2 2
-853.7 -2295.5 -15.1 89 0 5.7 7.9 10.5 3.5 2 1 3 4 4
-865.3 -2270.6 -15.3 263 0 7.3 7.0 10.5 3.5 2 0 3 1 1
-862.4 -2295.0 -15.3 88 0 7.2 13.1 10.5 0.0 0 1 3 0 0
-882.8 -2262.9 -15.6 264 0 9.3 14.4 10.5 3.5 2 1 3 2 2
-892.6 -2264.0 -15.8 266 0 8.1 13.7 10.5 3.5 2 1 3 0 0
-887.8 -2298.0 -15.9 82 0 9.9 17.4 10.5 0.0 0 1 3 3 3
-913.7 -2301.9 -16.4 86 0 7.5 16.8 10.5 3.5 2 1 3 4 4
-909.9 -2266.0 -16.2 262 0 5.1 15.4 10.5 3.5 2 1 3 2 2
-946.3 -2277.7 -16.9 261 0 5.0 6.4 10.5 3.5 2 1 3 4 4
-958.3 -2271.9 -17.2 266 0 5.6 11.4 10.5 3.5 2 1 3 1 1
-967.6 -2303.4 -17.5 83 0 5.8 14.5 10.5 3.5 2 1 3 1 1
-954.8 -2325.0 -17.4 266 0 7.1 11.8 10.5 3.5 2 1 3 0 0
-970.0 -2316.3 -17.7 356 0 12.5 8.9 10.5 0.0 0 0 3 1 1
-986.0 -2275.3 -17.8 266 0 9.2 14.1 10.5 0.0 0 1 3 5 5
-991.9 -2293.5 -17.9 264 0 4.3 8.2 10.5 3.5 2 1 3 1 1
-998.8 -2277.9 -18.1 266 0 9.5 11.5 10.5 3.5 2 1 3 2 2
-1019.0 -2279.6 -18.4 260 0 7.2 11.2 10.5 3.5 2 1 3 4 4
-1018.6 -2309.0 -18.4 173 0 4.7 15.3 10.5 3.5 2 1 3 5 5
-1029.4 -2265.0 -18.4 350 0 5.2 15.8 10.5 3.5 2 1 3 0 0
-1041.0 -2286.1 -18.4 82 0 5.9 14.7 10.5 3.5 2 1 3 1 1
-1040.9 -2296.6 -18.4 173 0 11.3 5.4 10.5 3.5 2 0 3 4 4
-991.7 -2326.8 -18.1 84 0 8.8 13.8 10.5 3.5 2 1 3 3 3
-990.5 -2342.7 -18.1 84 0 7.7 13.9 10.5 3.5 2 1 3 2 2
-1006.5 -2339.1 -18.4 83 0 16.5 15.4 17.5 3.5 2 0 5 1 1
-932.3 -2311.0 -16.8 264 0 5.0 19.5 10.5 3.5 4 1 3 1 1
-945.3 -2329.6 -17.1 177 0 4.8 11.1 10.5 0.0 0 1 3 1 1
-944.6 -2336.5 -17.1 174 0 4.8 11.5 10.5 3.5 2 1 3 4 4
-944.3 -2344.8 -17.1 176 0 6.6 12.3 10.5 3.5 2 1 3 2 2
-941.8 -2372.4 -17.2 179 0 7.5 13.2 10.5 3.5 2 1 3 5 5
-948.6 -2358.3 -17.5 356 0 6.1 11.3 10.5 3.5 4 1 3 5 5
-948.6 -2373.4 -17.6 355 0 5.4 11.1 10.5 3.5 2 1 3 2 2
-971.4 -2390.1 -17.9 175 0 8.2 8.9 10.5 0.0 0 1 3 4 4
-1044.6 -2320.7 -18.4 354 0 7.5 15.2 10.5 3.5 2 1 3 0 0
-1037.5 -2363.5 -18.4 358 0 6.9 20.5 10.5 3.5 4 1 3 5 5
-1030.2 -2352.0 -18.4 267 0 7.2 6.2 10.5 3.5 2 0 3 5 5
-1032.7 -2364.0 -18.4 167 0 5.8 6.7 10.5 0.0 0 1 3 2 2
-1031.1 -2371.5 -18.4 172 0 6.0 5.7 10.5 3.5 4 0 3 4 4
-983.2 -2349.8 -18.0 264 0 6.4 6.1 10.5 3.5 2 0 3 4 4
-983.3 -2358.5 -18.1 267 0 6.4 6.7 10.5 3.5 2 1 3 1 1
-991.5 -2351.0 -18.2 266 0 6.7 14.2 10.5 3.5 2 1 3 4 4
-997.1 -2382.7 -18.4 84 0 6.4 9.6 10.5 3.5 2 1 3 1 1
-1005.0 -2384.9 -18.4 87 0 5.9 11.4 10.5 3.5 2 1 3 3 3
-978.4 -2393.0 -18.1 359 0 10.2 5.0 10.5 3.5 4 0 3 4 4
-996.0 -2390.7 -18.4 266 0 6.8 15.6 10.5 3.5 2 1 3 2 2
-1036.1 -2396.5 -18.4 266 0 7.2 18.7 10.5 3.5 2 1 3 1 1
-1010.2 -2469.1 -18.4 88 0 10.7 9.7 10.5 3.5 2 0 3 3 3
-1027.1 -2470.8 -18.4 86 0 9.8 9.7 10.5 3.5 2 0 3 0 0
-1023.9 -2477.4 -18.4 267 0 16.8 15.4 17.5 3.5 2 0 5 0 0
-1017.7 -2496.7 -18.4 268 0 6.7 15.0 10.5 3.5 2 1 3 0 0
-951.6 -2508.8 -17.9 170 0 8.5 9.0 10.5 3.5 2 1 3 1 1
-918.9 -2593.8 -17.7 263 0 6.7 15.0 10.5 3.5 4 1 3 4 4
-955.1 -2538.0 -18.4 359 0 10.8 11.8 17.5 3.5 2 1 5 1 1
-954.5 -2570.1 -18.4 1 0 7.9 13.0 10.5 3.5 2 1 3 0 0
-951.0 -2614.2 -18.4 355 0 6.6 14.1 10.5 3.5 2 1 3 4 4
-977.8 -2628.1 -18.5 90 0 7.5 15.1 10.5 3.5 2 1 3 3 3
-971.2 -2597.9 -18.4 266 0 6.0 13.9 10.5 3.5 2 1 3 0 0
-962.1 -2633.1 -18.4 274 0 10.2 16.3 17.5 3.5 2 1 5 2 2
-994.2 -2598.7 -18.4 269 0 7.0 15.4 10.5 3.5 2 1 3 4 4
-1002.2 -2599.8 -18.4 267 0 6.7 15.7 10.5 3.5 2 1 3 1 1
-1010.8 -2601.8 -18.4 265 0 6.4 13.9 10.5 3.5 2 1 3 1 1
-1018.3 -2599.5 -18.4 265 0 5.2 16.2 10.5 3.5 2 1 3 2 2
-1025.7 -2601.7 -18.4 269 0 7.1 16.0 10.5 0.0 0 1 3 5 5
-809.3 -1965.6 -13.5 168 0 6.7 9.0 10.5 3.5 2 1 3 1 1
-827.8 -1956.1 -13.8 168 0 9.7 5.9 10.5 3.5 2 0 3 2 2
-824.5 -1973.6 -13.8 171 0 6.0 12.4 10.5 3.5 2 1 3 0 0
-802.2 -2000.6 -13.6 258 0 15.7 12.9 17.5 3.5 4 0 5 0 0
-843.8 -2030.8 -14.4 258 0 6.8 18.5 10.5 3.5 2 1 3 1 1
-851.5 -2034.0 -14.5 261 0 5.7 15.0 10.5 3.5 2 1 3 4 4
-866.1 -2035.5 -14.8 262 0 5.1 16.8 10.5 3.5 2 1 3 5 5
-873.5 -2039.5 -14.9 265 0 6.0 13.5 10.5 3.5 2 1 3 1 1
-845.8 -2054.8 -14.3 267 0 5.8 11.4 10.5 3.5 2 1 3 0 0
-867.4 -2055.8 -14.7 262 0 6.3 12.3 10.5 3.5 2 1 3 4 4
-878.2 -2057.3 -15.1 265 0 12.6 11.9 14.0 3.5 2 0 4 2 2
-858.6 -2084.8 -14.6 83 0 4.4 11.1 10.5 3.5 2 1 3 0 0
-872.9 -2075.1 -14.9 263 0 4.4 11.6 10.5 3.5 4 1 3 2 2
-879.9 -2076.3 -15.0 262 0 5.9 10.9 10.5 3.5 2 1 3 5 5
-880.3 -1978.3 -14.9 257 0 6.9 11.4 10.5 3.5 2 1 3 5 5
-870.3 -1989.2 -14.7 260 0 9.1 7.7 10.5 3.5 2 0 3 3 3
-889.0 -1979.0 -15.1 268 0 9.0 7.3 10.5 3.5 2 0 3 4 4
-891.3 -2001.1 -15.1 175 0 8.3 16.0 10.5 3.5 2 1 3 0 0
-888.3 -2017.8 -15.1 168 0 4.6 12.4 10.5 3.5 2 1 3 2 2
-857.6 -1975.1 -14.5 256 0 10.7 8.2 10.5 3.5 2 0 3 2 2
-855.4 -1985.7 -14.5 257 0 10.3 8.4 10.5 0.0 0 0 3 2 2
-846.2 -2023.3 -14.4 79 0 7.8 14.1 10.5 0.0 0 1 3 1 1
-821.1 -2007.4 -14.1 338 0 13.7 14.2 17.5 3.5 2 1 5 1 1
-832.5 -1981.0 -14.2 338 0 5.6 11.1 10.5 3.5 2 1 3 5 5
-835.5 -1971.7 -14.2 338 0 8.7 11.8 10.5 3.5 2 1 3 3 3
-898.2 -1948.9 -15.1 269 0 10.3 7.9 10.5 3.5 4 0 3 5 5
-840.9 -1954.2 -14.3 358 0 16.5 14.4 17.5 3.5 2 0 5 3 3
-873.8 -1970.5 -14.7 86 0 7.5 8.2 10.5 3.5 2 1 3 5 5
-881.6 -1971.4 -14.8 86 0 4.4 12.1 10.5 3.5 4 1 3 2 2
-894.4 -1971.2 -15.1 84 0 7.0 12.1 10.5 3.5 2 1 3 1 1
-929.7 -1973.1 -15.7 173 0 6.6 12.0 10.5 3.5 2 1 3 5 5
-961.4 -1905.5 -16.2 355 0 7.8 12.4 10.5 3.5 2 1 3 4 4
-961.5 -1915.4 -16.3 356 0 7.9 12.7 10.5 3.5 4 1 3 5 5
-961.1 -1926.1 -16.2 353 0 6.2 9.9 10.5 3.5 2 1 3 4 4
-940.3 -1943.5 -16.0 355 0 5.6 13.5 10.5 3.5 2 1 3 2 2
-955.8 -1945.2 -16.2 352 0 5.6 8.5 10.5 3.5 2 1 3 1 1
-940.4 -1959.8 -15.9 356 0 7.3 7.9 10.5 3.5 2 1 3 5 5
-936.7 -1972.2 -15.9 354 0 12.8 6.3 10.5 3.5 2 0 3 4 4
-937.2 -1989.0 -16.1 357 0 6.3 11.9 10.5 3.5 2 1 3 1 1
-907.6 -1982.3 -15.4 263 0 11.1 9.3 10.5 3.5 2 0 3 3 3
-899.2 -2002.7 -15.4 352 0 17.1 9.9 10.5 3.5 2 0 3 2 2
-902.8 -2049.7 -15.6 353 0 11.1 7.1 10.5 3.5 4 0 3 5 5
-912.0 -2049.9 -15.8 352 0 13.1 8.0 10.5 3.5 2 0 3 5 5
-955.4 -2029.5 -16.4 265 0 6.5 10.2 10.5 3.5 2 1 3 2 2
-970.9 -2029.3 -16.7 265 0 5.4 12.3 10.5 3.5 2 1 3 1 1
-985.7 -2029.6 -16.9 264 0 9.0 14.1 10.5 3.5 2 1 3 1 1
-994.3 -2030.1 -17.1 265 0 6.5 14.5 10.5 3.5 2 1 3 5 5
-970.1 -2048.2 -16.7 262 0 7.5 13.7 10.5 0.0 0 1 3 0 0
-981.7 -2056.4 -16.9 173 0 12.5 7.4 10.5 3.5 2 0 3 5 5
-991.8 -2058.3 -17.1 173 0 13.3 8.6 10.5 3.5 2 0 3 4 4
6388.5 -5764.5 22.6 18 0 32.3 11.7 14.0 3.5 2 0 4 3 3
1865.3 -6545.7 -3.2 175 0 44.7 86.9 15.0 0.0 0 1 6 4 4
-566.3 -2099.6 -8.9 82 0 8.1 15.0 10.5 3.5 2 1 3 0 0
-616.1 -2104.9 -9.9 79 0 11.9 12.5 17.5 0.0 0 1 5 1 1
-641.8 -2109.7 -10.4 80 0 9.0 9.8 10.5 3.5 2 1 3 4 4
-651.6 -2110.9 -10.6 79 0 7.0 16.0 10.5 3.5 2 1 3 2 2
-680.4 -2106.5 -11.0 172 0 19.0 8.8 10.5 3.5 4 0 3 4 4
-767.6 -2332.1 -13.5 172 0 7.4 11.3 10.5 3.5 2 1 3 1 1
-759.9 -2359.0 -13.6 80 0 12.8 9.6 10.5 3.5 2 0 3 5 5
-793.8 -2342.0 -14.1 171 0 6.6 13.0 10.5 3.5 2 1 3 4 4
-783.3 -2433.0 -14.3 173 0 7.3 13.2 10.5 3.5 2 1 3 0 0
-779.8 -2465.2 -14.3 172 0 17.5 14.2 17.5 3.5 2 0 5 3 3
-831.6 -2215.7 -14.5 261 0 16.7 14.9 14.0 3.5 2 0 4 1 1
-835.0 -2254.9 -14.5 172 0 7.5 15.8 10.5 3.5 4 1 3 2 2
-832.2 -2272.3 -14.5 174 0 8.6 15.0 10.5 3.5 2 1 3 5 5
-832.4 -2284.9 -14.6 175 0 8.9 14.5 10.5 3.5 2 1 3 0 0
-822.4 -2294.9 -14.4 169 0 7.1 7.0 10.5 0.0 0 0 3 1 1
-832.0 -2295.8 -14.6 178 0 8.0 7.5 10.5 3.5 2 0 3 2 2
-828.6 -2315.2 -14.7 175 0 13.6 16.0 14.0 3.5 2 1 4 2 2
-826.8 -2365.2 -14.8 174 0 7.9 13.6 10.5 3.5 2 1 3 1 1
-823.4 -2382.7 -14.8 174 0 8.1 15.2 10.5 3.5 2 1 3 5 5
-822.1 -2400.9 -14.9 175 0 10.7 16.5 14.0 3.5 2 1 4 0 0
-788.8 -2433.2 -14.7 354 0 8.6 15.5 10.5 3.5 2 1 3 5 5
-788.7 -2461.1 -14.7 354 0 7.5 12.5 10.5 3.5 2 1 3 5 5
-786.5 -2470.4 -14.7 350 0 8.3 13.8 10.5 3.5 2 1 3 5 5
-810.6 -2479.7 -15.1 86 0 15.1 13.7 14.0 3.5 2 0 4 5 5
-802.3 -2482.7 -14.9 260 0 11.1 19.2 17.5 3.5 2 1 5 2 2
-492.2 -2081.2 -7.6 348 0 12.2 18.3 17.5 3.5 2 1 5 3 3
-518.6 -2054.0 -7.8 260 0 8.5 13.2 10.5 0.0 0 1 3 0 0
-530.4 -2056.8 -8.0 260 0 10.0 12.3 10.5 3.5 2 1 3 2 2
-543.3 -2057.1 -8.3 260 0 8.6 14.6 10.5 3.5 2 1 3 1 1
-531.0 -2094.1 -8.2 81 0 10.7 19.7 17.5 3.5 2 1 5 1 1
-717.4 -2197.2 -12.2 273 0 13.5 8.7 10.5 3.5 4 0 3 5 5
-722.3 -2245.6 -12.3 180 0 5.8 9.7 10.5 3.5 2 1 3 0 0
-693.5 -2250.1 -12.1 0 0 8.1 16.5 10.5 3.5 2 1 3 2 2
-723.2 -2255.3 -12.4 183 0 8.7 11.8 10.5 3.5 4 1 3 2 2
-715.2 -2322.8 -12.4 172 0 4.0 17.8 10.5 3.5 2 1 3 0 0
-715.3 -2328.7 -12.4 173 0 4.7 18.3 10.5 3.5 2 1 3 5 5
-712.9 -2334.8 -12.4 176 0 4.7 16.4 10.5 0.0 0 1 3 0 0
-712.3 -2353.7 -12.5 173 0 15.0 17.9 14.0 3.5 4 1 4 0 0
-725.1 -2310.3 -12.8 354 0 7.8 11.6 10.5 0.0 0 1 3 3 3
-729.9 -2339.2 -12.8 348 0 8.3 5.2 10.5 3.5 2 0 3 3 3
-722.4 -2337.9 -12.7 346 0 7.0 4.8 10.5 3.5 2 0 3 5 5
-740.1 -2309.4 -13.2 349 0 16.0 20.0 14.0 3.5 2 1 4 3 3
-736.8 -2379.5 -13.2 265 0 10.7 12.3 17.5 3.5 2 1 5 1 1
-722.2 -2391.1 -13.0 257 0 17.8 18.2 17.5 3.5 2 1 5 3 3
-711.3 -2423.9 -12.8 256 0 8.1 7.5 10.5 3.5 2 0 3 3 3
-736.9 -2433.0 -13.3 171 0 7.1 10.7 10.5 3.5 2 1 3 3 3
-726.1 -2463.1 -13.4 80 0 14.9 10.0 17.5 3.5 2 0 5 2 2
-687.7 -2445.2 -12.6 76 0 18.5 12.9 17.5 0.0 0 0 5 4 4
-679.3 -2454.3 -12.3 76 0 10.1 8.4 10.5 3.5 2 0 3 3 3
-680.8 -2478.4 -12.5 79 0 18.2 20.4 17.5 0.0 0 1 5 0 0
-670.5 -2375.9 -12.0 270 0 21.1 33.5 17.5 0.0 0 1 5 3 3
-852.9 -2242.4 -15.0 88 0 14.8 7.6 10.5 3.5 2 0 3 4 4
-874.7 -2253.4 -15.4 85 0 8.1 16.9 10.5 3.5 2 1 3 5 5
-656.4 -2228.4 -11.1 0 0 12.7 9.5 10.5 3.5 4 0 3 5 5
-655.7 -2216.2 -11.1 359 0 8.0 8.4 10.5 0.0 0 1 3 1 1
-655.0 -2243.2 -11.2 1 0 8.0 11.4 10.5 3.5 2 1 3 1 1
-656.0 -2259.6 -11.2 354 0 7.9 7.9 10.5 3.5 2 0 3 3 3
-656.2 -2272.8 -11.2 0 0 6.1 8.4 10.5 3.5 2 1 3 0 0
-536.6 -2220.1 -8.6 180 0 18.5 13.9 14.0 3.5 2 0 4 0 0
-537.1 -2239.8 -8.7 180 0 11.1 9.3 10.5 3.5 2 0 3 2 2
-493.5 -2211.3 -8.0 359 0 3.6 13.3 10.5 3.5 2 1 3 0 0
-493.0 -2218.2 -8.1 359 0 6.3 18.3 10.5 3.5 2 1 3 2 2
-498.2 -2232.5 -8.1 0 0 4.9 12.4 10.5 3.5 2 1 3 2 2
-495.9 -2243.8 -8.1 0 0 10.3 13.2 14.0 3.5 2 1 4 0 0
-533.9 -2285.4 -8.7 177 0 4.5 17.5 10.5 3.5 2 1 3 0 0
-497.0 -2298.9 -8.3 0 0 10.5 12.9 14.0 3.5 2 1 4 2 2
-545.5 -2266.2 -9.1 0 0 8.0 11.1 10.5 3.5 2 1 3 1 1
-563.7 -2189.5 -9.1 267 0 11.6 12.5 17.5 3.5 2 1 5 3 3
-569.6 -2228.4 -9.3 184 0 7.7 12.1 10.5 0.0 0 1 3 1 1
-568.4 -2254.4 -9.3 178 0 9.9 9.8 10.5 3.5 2 0 3 5 5
-571.3 -2265.8 -9.4 177 0 8.9 11.0 10.5 3.5 2 1 3 0 0
-577.7 -2253.7 -9.7 358 0 14.6 12.7 17.5 3.5 4 0 5 4 4
-589.4 -2194.3 -9.6 269 0 7.3 7.7 10.5 3.5 2 1 3 0 0
-645.1 -2196.1 -10.6 180 0 9.5 9.7 10.5 3.5 2 1 3 2 2
-643.8 -2210.3 -10.7 183 0 6.6 10.5 10.5 3.5 2 1 3 4 4
-622.5 -2270.0 -10.6 0 0 7.4 7.5 10.5 3.5 4 1 3 4 4
-645.0 -2270.1 -10.9 180 0 9.8 10.4 10.5 3.5 2 1 3 3 3
-646.9 -2286.6 -10.9 173 0 9.3 11.4 10.5 3.5 2 1 3 5 5
-621.1 -2280.5 -10.5 3 0 5.1 5.9 10.5 3.5 2 1 3 0 0
-624.9 -2296.1 -10.7 0 0 6.4 7.7 10.5 3.5 2 1 3 3 3
-626.2 -2305.4 -10.7 0 0 8.7 6.9 10.5 3.5 4 0 3 5 5
-646.1 -2306.1 -11.0 180 0 8.0 9.3 10.5 3.5 2 1 3 1 1
-647.1 -2317.1 -11.0 178 0 6.7 9.0 10.5 3.5 2 1 3 4 4
-683.7 -2264.0 -11.6 180 0 6.7 10.3 10.5 3.5 2 1 3 3 3
-681.8 -2275.1 -11.6 180 0 10.6 15.9 17.5 3.5 2 1 5 1 1
-655.0 -2359.3 -11.4 90 0 5.1 15.1 10.5 3.5 2 1 3 0 0
-632.7 -2329.0 -10.9 270 0 9.1 11.8 10.5 0.0 0 1 3 0 0
-627.1 -2357.5 -10.9 90 0 8.5 12.8 10.5 3.5 4 1 3 2 2
-603.8 -2361.1 -10.4 89 0 9.4 14.8 10.5 3.5 2 1 3 1 1
-540.9 -2512.2 -9.7 79 0 13.3 17.5 17.5 0.0 0 1 5 1 1
-582.2 -2485.0 -10.5 259 0 18.6 12.5 17.5 3.5 2 0 5 3 3
-662.3 -2595.4 -12.4 81 0 8.9 15.0 10.5 3.5 2 1 3 5 5
-658.3 -2542.9 -12.0 258 0 5.0 15.2 10.5 3.5 4 1 3 4 4
-650.0 -2542.0 -11.9 256 0 8.9 15.6 10.5 3.5 2 1 3 5 5
-609.2 -2545.6 -11.3 351 0 14.9 12.7 17.5 3.5 2 0 5 5 5
-617.2 -2517.7 -11.2 260 0 6.7 12.3 10.5 3.5 2 1 3 4 4
-608.0 -2515.4 -11.0 261 0 6.3 13.0 10.5 3.5 2 1 3 2 2
-610.6 -2492.4 -11.1 253 0 15.3 7.5 10.5 3.5 2 0 3 5 5
-632.6 -2499.8 -11.5 258 0 12.1 15.4 17.5 3.5 2 1 5 2 2
-647.7 -2493.8 -11.7 256 0 5.8 22.4 10.5 3.5 2 1 3 2 2
-667.3 -2498.8 -12.1 255 0 6.2 14.9 10.5 3.5 2 1 3 1 1
-645.6 -2521.8 -11.7 263 0 5.9 13.2 10.5 3.5 2 1 3 0 0
-668.4 -2522.6 -12.2 262 0 5.6 13.5 10.5 3.5 2 1 3 0 0
-676.0 -2523.6 -12.3 261 0 4.6 13.7 10.5 3.5 2 1 3 3 3
-688.3 -2524.3 -12.6 259 0 4.2 13.9 10.5 3.5 2 1 3 4 4
-698.4 -2525.6 -12.8 262 0 4.9 13.7 10.5 3.5 2 1 3 4 4
-702.1 -2505.1 -12.9 259 0 6.1 18.1 10.5 3.5 2 1 3 3 3
-705.7 -2525.1 -12.9 261 0 4.9 17.5 10.5 3.5 2 1 3 1 1
-715.8 -2505.2 -13.2 258 0 11.5 19.2 17.5 3.5 2 1 5 0 0
-725.3 -2557.3 -13.4 173 0 14.0 5.9 10.5 3.5 2 0 3 2 2
-466.4 -2468.5 -8.1 261 0 10.2 9.3 10.5 3.5 2 0 3 0 0
-478.8 -2464.8 -8.3 258 0 7.9 10.3 10.5 3.5 2 1 3 3 3
-489.9 -2466.3 -8.5 254 0 9.6 11.9 10.5 0.0 0 1 3 0 0
-500.2 -2468.8 -8.7 258 0 7.7 12.1 10.5 3.5 4 1 3 2 2
-510.1 -2472.0 -9.0 256 0 9.8 8.6 10.5 3.5 2 0 3 5 5
-520.6 -2474.9 -9.2 257 0 7.6 8.8 10.5 3.5 2 1 3 5 5
-522.0 -2508.7 -9.3 78 0 6.8 18.6 10.5 0.0 0 1 3 4 4
-443.8 -2493.1 -7.9 76 0 9.2 12.5 10.5 3.5 4 1 3 3 3
-458.0 -2495.9 -8.2 77 0 15.7 18.3 17.5 3.5 2 1 5 1 1
-455.6 -2445.4 -8.1 331 0 12.1 20.9 17.5 0.0 0 1 5 0 0
-490.7 -2455.7 -8.5 81 0 9.8 12.0 10.5 3.5 2 1 3 0 0
-502.2 -2456.4 -8.7 76 0 6.8 11.8 10.5 3.5 2 1 3 1 1
-522.8 -2462.2 -9.2 75 0 10.2 12.9 17.5 3.5 4 1 5 1 1
-537.4 -2465.4 -9.5 79 0 10.4 14.0 17.5 0.0 0 1 5 5 5
-547.6 -2468.8 -9.7 77 0 7.2 14.1 10.5 3.5 2 1 3 2 2
-541.4 -2388.5 -9.4 269 0 13.9 30.8 17.5 3.5 2 1 5 0 0
-579.3 -2373.7 -10.0 268 0 9.8 12.9 10.5 3.5 2 1 3 3 3
-581.9 -2414.6 -10.2 269 0 9.2 14.2 10.5 3.5 2 1 3 0 0
-1957.3 -5476.3 -12.3 269 0 49.8 46.3 14.0 0.0 0 0 4 2 2
3255.6 -5447.0 6.9 275 0 30.5 18.8 14.0 3.5 2 0 4 3 3
3247.5 -5495.4 6.6 95 0 38.7 23.6 14.0 0.0 0 0 4 3 3
4199.2 -5717.2 8.0 1 0 33.9 13.4 17.5 3.5 2 0 5 3 3
3237.4 -6294.7 0.1 199 0 14.2 14.1 14.0 3.5 2 0 4 5 5
-342.6 35.1 -8.3 179 0 19.0 12.5 7.0 3.5 2 0 2 2 2
-3603.5 -3107.2 -12.3 125 0 10.2 10.7 14.0 3.5 2 1 4 0 0
-3591.3 -3089.3 -12.6 311 0 8.4 9.0 10.5 3.5 2 1 3 5 5
-3598.7 -3076.0 -12.8 305 0 14.8 14.7 14.0 3.5 2 0 4 4 4
-3612.6 -3098.7 -12.6 126 0 9.1 9.8 10.5 0.0 0 1 3 3 3
-3688.3 -3039.3 -13.9 172 0 124.8 57.0 14.0 0.0 0 0 4 1 1
-3989.4 -3153.5 -2.8 182 0 11.0 31.4 17.5 3.5 2 1 5 2 2
-4022.6 -2556.6 -9.6 271 0 64.2 97.7 17.5 0.0 0 1 5 3 3
765.1 -5701.4 -9.2 122 0 9.4 12.1 7.5 2.5 2 1 3 2 2
68.9 -2666.6 -4.6 349 0 12.1 36.1 14.0 3.5 2 1 4 1 1
1438.8 -5708.2 -2.1 358 0 38.2 15.9 21.0 3.5 2 0 6 3 3
705.5 -3484.8 8.4 163 0 4.6 12.7 10.5 3.5 2 1 3 0 0
290.5 -3667.2 1.5 173 0 20.0 47.3 17.5 0.0 0 1 5 2 2
1424.1 -5143.6 0.6 148 0 14.7 23.8 14.0 3.5 2 1 4 3 3
3170.8 -6053.3 3.2 269 0 18.0 24.5 17.5 3.5 2 1 5 3 3
4627.8 -5558.3 13.6 4 0 11.1 18.1 17.5 3.5 2 1 5 2 2
-3415.5 -5480.0 -5.9 360 0 6.7 33.7 7.5 2.5 2 1 3 1 1
-920.6 -5428.7 -5.7 351 0 47.5 36.5 14.0 0.0 0 0 4 2 2
-6241.3 1033.9 10.8 211 0 8.6 17.6 5.0 0.0 0 1 2 4 4
363.0 -3795.7 2.7 71 0 30.7 14.2 10.0 2.5 2 0 4 0 0
2353.7 -5655.9 1.1 358 0 17.8 6.9 10.5 3.5 2 0 3 1 1
-89.2 -2054.8 0.8 254 0 25.2 19.7 7.5 2.5 2 0 3 5 5
2966.5 -6039.2 1.3 273 0 14.7 44.9 17.5 3.5 2 1 5 5 5
-4141.4 -3309.4 4.5 97 0 11.8 20.0 14.0 3.5 2 1 4 0 0
-4126.9 -3269.4 3.6 13 0 24.3 17.6 14.0 3.5 2 0 4 0 0
-4123.2 -3178.4 2.7 277 0 24.1 30.1 14.0 0.0 0 1 4 5 5
-4256.9 -2984.2 3.6 97 0 78.2 16.3 14.0 3.5 2 0 4 2 2
-3825.3 -2078.8 -11.5 270 0 44.8 89.4 17.5 0.0 0 1 5 4 4
-3775.6 -2072.8 -11.7 360 0 38.4 23.3 17.5 0.0 0 0 5 3 3
-3584.5 -2195.7 -10.4 90 0 23.8 10.9 7.5 2.5 2 0 3 4 4
-3523.6 -2083.2 -11.3 270 0 12.9 56.9 7.5 2.5 2 1 3 1 1
-3525.0 -2196.3 -10.7 90 0 12.4 46.4 12.5 2.5 2 1 5 4 4
-3386.0 -2106.8 -11.3 272 0 16.4 18.5 10.0 2.5 2 1 4 0 0
-3347.3 -2172.1 -11.2 359 0 49.4 52.6 10.0 0.0 0 1 4 3 3
-3651.7 -1984.2 -12.5 0 0 26.5 65.6 7.5 0.0 0 1 3 4 4
-6490.9 -5885.7 9.7 2 0 15.4 10.4 14.0 3.5 4 0 4 3 3
-6555.0 -5912.4 10.2 84 0 25.3 14.1 14.0 3.5 4 0 4 4 4
-6527.3 -5914.8 10.0 98 0 5.6 12.6 10.5 3.5 2 1 3 5 5
-6683.8 -5979.6 11.5 279 0 8.1 3.8 10.5 3.5 2 0 3 3 3
-6734.6 -5963.8 11.6 282 0 61.7 9.5 10.5 3.5 2 0 3 4 4
-6770.9 -5919.8 11.6 8 0 74.1 10.0 14.0 3.5 2 0 4 1 1
-6737.6 -5875.4 11.4 9 0 10.0 36.9 10.5 3.5 2 1 3 3 3
-6723.6 -5837.9 10.9 201 0 31.7 61.3 14.0 0.0 0 1 4 2 2
-6811.3 -5716.2 11.1 97 0 46.3 8.3 10.5 3.5 2 0 3 0 0
-6789.4 -5845.6 11.6 8 0 9.2 56.1 10.5 3.5 2 1 3 3 3
-6833.6 -5793.6 11.5 9 0 62.5 10.5 14.0 3.5 2 0 4 5 5
1258.6 -5960.0 -5.6 169 0 12.9 39.3 17.5 3.5 2 1 5 0 0
1338.8 -5994.5 -5.6 86 0 53.8 17.1 17.5 3.5 2 0 5 4 4
1372.0 -5890.7 -4.0 266 0 9.0 27.0 10.5 3.5 2 1 3 4 4
1401.2 -5949.1 -4.4 356 0 12.4 26.8 17.5 3.5 2 1 5 4 4
1402.2 -5965.4 -4.6 357 0 13.1 27.4 17.5 3.5 2 1 5 4 4
1304.5 -5890.6 -4.3 267 0 5.0 19.5 10.5 3.5 2 1 3 5 5
1336.2 -5898.6 -4.2 356 0 19.7 8.8 10.5 3.5 4 0 3 4 4
1339.1 -5889.7 -4.1 266 0 4.7 18.6 10.5 3.5 2 1 3 1 1
1353.9 -5889.6 -4.1 265 0 14.9 20.2 17.5 0.0 0 1 5 0 0
1235.2 -5523.4 0.2 178 0 35.9 13.7 17.5 0.0 0 0 5 3 3
1278.4 -5528.9 1.4 1 0 18.8 22.3 17.5 3.5 2 1 5 1 1
1257.7 -5413.1 -1.8 176 0 29.9 12.1 17.5 0.0 0 0 5 1 1
1297.6 -5713.8 -0.7 179 0 31.1 17.0 17.5 3.5 2 0 5 1 1
1385.2 -5658.9 0.2 269 0 14.5 38.6 21.0 0.0 0 1 6 1 1
1357.7 -5632.5 1.7 270 0 14.2 46.6 21.0 3.5 2 1 6 1 1
1363.9 -5710.1 -0.3 201 0 17.8 26.7 21.0 0.0 0 1 6 0 0
1303.1 -5846.4 -3.6 265 0 27.0 22.7 17.5 0.0 0 0 5 3 3
1327.5 -5846.4 -3.2 266 0 19.0 20.9 17.5 3.5 2 1 5 0 0
1372.0 -5853.6 -3.2 3 0 17.5 20.1 17.5 3.5 2 1 5 5 5
1400.9 -5848.6 -3.2 271 0 3.6 14.4 10.5 3.5 2 1 3 3 3
1420.3 -5846.4 -3.1 269 0 5.3 16.3 10.5 3.5 4 1 3 1 1
1381.8 -5854.5 -3.2 179 0 16.4 15.9 17.5 3.5 2 0 5 5 5
1413.6 -5708.1 -1.4 359 0 11.7 13.7 21.0 0.0 0 1 6 1 1
1412.5 -5644.1 -0.1 270 0 5.8 19.6 10.5 0.0 0 1 3 4 4
1435.7 -5575.8 -0.9 184 0 15.5 33.2 17.5 3.5 4 1 5 2 2
1436.3 -5558.9 0.4 183 0 11.4 20.1 17.5 3.5 4 1 5 2 2
1427.0 -5490.2 -0.1 179 0 9.1 29.4 10.5 3.5 4 1 3 5 5
1417.1 -5520.5 2.9 1 0 45.7 20.9 14.0 0.0 0 0 4 0 0
1382.5 -5379.7 -0.7 269 0 11.1 18.8 17.5 3.5 4 1 5 0 0
1358.5 -5417.3 1.5 180 0 17.1 10.9 17.5 3.5 2 0 5 3 3
1340.6 -5470.1 1.9 359 0 40.7 19.3 17.5 3.5 2 0 5 4 4
1346.9 -5613.9 1.7 359 0 31.2 50.0 21.0 0.0 0 1 6 3 3
1345.6 -5643.2 1.4 359 0 17.4 29.6 21.0 0.0 0 1 6 4 4
1294.8 -5655.1 0.5 181 0 38.7 10.2 21.0 0.0 0 0 6 2 2
1351.2 -5736.5 -0.2 270 0 15.9 18.0 21.0 0.0 0 1 6 2 2
1368.0 -5798.3 -1.5 359 0 10.5 6.2 10.5 0.0 0 0 3 4 4
1352.6 -5833.3 -2.3 89 0 16.4 39.6 21.0 0.0 0 1 6 3 3
1381.5 -5832.7 -3.0 89 0 20.1 52.3 21.0 3.5 2 1 6 0 0
1451.5 -5763.3 -2.3 88 0 14.7 17.1 21.0 0.0 0 1 6 5 5
1456.8 -5742.0 -2.2 359 0 6.7 12.4 10.5 0.0 0 1 3 4 4
1452.6 -5728.9 -2.1 269 0 16.0 8.9 10.5 0.0 0 0 3 4 4
1413.2 -5667.1 -0.9 269 0 7.0 21.5 10.5 0.0 0 1 3 4 4
1449.2 -5687.1 -1.7 90 0 14.8 37.3 21.0 0.0 0 1 6 3 3
1465.5 -5795.7 -2.6 178 0 26.6 10.4 17.5 0.0 0 0 5 0 0
-3404.7 3002.5 -27.7 266 0 24.3 13.5 14.0 3.5 2 0 4 3 3
-3441.4 3043.3 -25.5 175 0 27.7 6.9 10.5 3.5 2 0 3 1 1
-3164.6 2963.1 -29.2 90 0 15.0 20.2 14.0 3.5 2 1 4 1 1
-3183.9 2977.9 -29.4 107 0 15.8 17.7 14.0 3.5 2 1 4 4 4
-3223.8 2987.5 -29.3 199 0 24.6 24.9 14.0 0.0 0 1 4 4 4
-3108.6 2970.0 -29.6 126 0 10.4 25.1 14.0 3.5 2 1 4 4 4
-3076.4 3002.2 -29.9 354 0 24.5 15.4 14.0 3.5 2 0 4 0 0
-3072.6 2692.9 -25.2 95 0 13.3 8.5 10.5 3.5 2 0 3 0 0
