6884.3 -6321.1 -8.7 183 0 5.2 9.0 7.5 2.5 2 1 3 5 5
6890.8 -6359.3 -8.4 1 0 4.0 18.3 7.5 2.5 2 1 3 3 3
6890.1 -6367.1 -8.4 1 0 6.7 18.1 5.0 2.5 2 1 2 3 3
6889.7 -6389.6 -8.2 2 0 5.0 16.7 2.5 0.0 0 1 1 4 4
6890.0 -6395.8 -8.2 1 0 6.1 24.8 7.5 2.5 2 1 3 1 1
6819.0 -6424.0 -8.0 1 0 7.0 19.4 7.5 2.5 2 1 3 5 5
6819.2 -6413.6 -8.1 1 0 11.4 19.3 2.5 2.5 2 1 1 3 3
6818.6 -6392.0 -8.2 1 0 10.0 18.2 5.0 2.5 2 1 2 5 5
6819.6 -6379.2 -8.3 359 0 13.0 19.1 5.0 2.5 2 1 2 5 5
6818.7 -6359.6 -8.4 2 0 3.8 12.5 2.5 2.5 2 1 1 3 3
6819.3 -6350.0 -8.5 357 0 5.2 19.1 7.5 2.5 2 1 3 3 3
6819.2 -6338.0 -8.6 355 0 9.3 7.8 7.5 0.0 0 0 3 0 0
6824.6 -6339.4 -8.6 176 0 5.9 18.9 5.0 2.5 2 1 2 0 0
6891.8 -6332.1 -8.6 2 0 6.7 20.1 5.0 2.5 2 1 2 2 2
6889.8 -6401.5 -8.1 1 0 4.1 18.5 7.5 2.5 2 1 3 1 1
6889.2 -6410.2 -8.1 2 0 11.1 10.5 2.5 0.0 0 0 1 3 3
6890.0 -6426.4 -7.9 359 0 6.0 15.2 5.0 0.0 0 1 2 5 5
6889.4 -6439.4 -7.8 1 0 5.1 7.8 7.5 2.5 2 1 3 1 1
6900.6 -6323.5 -8.7 184 0 7.9 11.5 7.5 2.5 2 1 3 2 2
6899.4 -6338.3 -8.6 185 0 4.2 17.6 7.5 2.5 2 1 3 5 5
6899.0 -6347.3 -8.5 182 0 3.6 13.6 7.5 2.5 2 0 3 4 4
6899.2 -6357.4 -8.4 182 0 3.7 12.1 7.5 2.5 2 0 3 2 2
6897.7 -6362.7 -8.4 182 0 5.9 15.0 2.5 2.5 2 1 1 3 3
6896.6 -6368.4 -8.3 182 0 3.9 15.7 7.5 2.5 2 1 3 4 4
6896.1 -6375.4 -8.3 180 0 8.5 9.3 7.5 2.5 2 1 3 4 4
6894.4 -6397.9 -8.1 182 0 5.0 17.0 7.5 2.5 2 1 3 2 2
6903.0 -6446.0 -7.8 96 0 14.2 8.1 2.5 2.5 2 0 1 3 3
6808.5 -6500.1 -7.4 268 0 5.5 15.9 7.5 2.5 2 1 3 5 5
6824.7 -6414.4 -8.0 178 0 7.0 10.1 7.5 2.5 2 1 3 4 4
6825.1 -6473.9 -7.6 177 0 6.7 12.1 5.0 2.5 2 1 2 2 2
6826.2 -6487.0 -7.5 176 0 5.6 6.0 5.0 2.5 2 1 2 2 2
6824.3 -6459.7 -7.7 177 0 7.8 18.3 7.5 2.5 4 1 3 5 5
6824.6 -6440.2 -7.8 177 0 4.8 18.2 5.0 2.5 2 1 2 3 3
6825.1 -6357.3 -8.4 180 0 5.7 18.5 7.5 2.5 4 1 3 2 2
6825.4 -6351.4 -8.5 179 0 5.6 19.6 5.0 2.5 2 1 2 2 2
6818.0 -6448.9 -7.8 359 0 3.3 19.5 5.0 2.5 2 1 2 2 2
6824.6 -6499.2 -7.4 270 0 3.9 15.7 5.0 2.5 2 1 2 1 1
6750.3 -6472.9 -7.6 179 0 6.3 14.8 5.0 2.5 2 1 2 0 0
6750.0 -6430.9 -7.9 179 0 6.4 17.8 2.5 2.5 2 1 1 5 5
6749.8 -6424.0 -8.0 177 0 5.9 14.4 7.5 2.5 4 1 3 1 1
6750.0 -6446.7 -7.8 180 0 6.4 14.2 7.5 2.5 2 1 3 2 2
6749.9 -6453.3 -7.8 180 0 6.0 7.4 7.5 0.0 0 1 3 0 0
6745.1 -6504.4 -7.4 357 0 4.4 16.5 2.5 2.5 2 1 1 5 5
6752.3 -6504.6 -7.4 178 0 4.8 9.0 7.5 2.5 2 1 3 4 4
6752.5 -6534.4 -7.2 178 0 10.4 9.5 5.0 0.0 0 0 2 5 5
6744.9 -6403.2 -8.1 1 0 7.3 14.6 5.0 0.0 0 1 2 1 1
6756.1 -6398.6 -8.2 92 0 13.3 7.7 2.5 2.5 2 0 1 1 1
6744.7 -6447.2 -7.8 0 0 5.4 16.1 7.5 2.5 4 1 3 1 1
6745.5 -6526.2 -7.3 359 0 9.2 25.9 7.5 0.0 0 1 3 5 5
6745.2 -6535.3 -7.2 357 0 6.9 17.4 7.5 2.5 2 1 3 3 3
6745.6 -6543.5 -7.1 356 0 7.0 18.3 5.0 2.5 2 1 2 2 2
6745.8 -6550.9 -7.0 355 0 6.1 18.9 5.0 2.5 2 1 2 5 5
6825.0 -6368.9 -8.4 177 0 4.7 19.9 7.5 2.5 2 1 3 4 4
6825.1 -6363.6 -8.4 178 0 4.4 19.0 5.0 2.5 2 1 2 4 4
6824.9 -6377.9 -8.3 179 0 5.0 30.3 7.5 2.5 2 1 3 4 4
6825.0 -6424.9 -7.9 178 0 4.8 21.2 5.0 2.5 2 0 2 2 2
6830.6 -6503.5 -7.4 270 0 5.9 10.9 7.5 2.5 2 1 3 0 0
6792.6 -6494.7 -7.7 88 0 4.7 28.1 7.5 2.5 4 1 3 1 1
6783.4 -6493.7 -7.5 88 0 3.4 12.8 2.5 2.5 2 1 1 2 2
6752.1 -6513.7 -7.3 179 0 4.6 9.9 2.5 2.5 2 1 1 1 1
6752.4 -6509.1 -7.3 178 0 3.2 10.0 5.0 0.0 0 1 2 2 2
6769.3 -6494.0 -7.6 91 0 4.8 23.4 7.5 2.5 2 1 3 1 1
6762.3 -6493.9 -7.5 94 0 6.4 7.5 7.5 2.5 2 1 3 2 2
6750.7 -6466.3 -7.7 181 0 4.7 11.6 5.0 2.5 2 1 2 0 0
6899.0 -6731.9 -5.8 6 0 17.1 6.7 7.5 2.5 2 0 3 5 5
6901.3 -6590.6 -6.7 1 0 4.1 9.7 2.5 2.5 2 1 1 4 4
6899.7 -6600.2 -6.7 8 0 3.5 14.5 7.5 2.5 2 1 3 1 1
6907.0 -6540.4 -7.1 359 0 5.2 22.7 5.0 0.0 0 1 2 2 2
6861.5 -6504.9 -7.3 268 0 6.9 17.3 5.0 2.5 2 1 2 0 0
6904.3 -6764.2 -5.5 183 0 7.7 7.4 2.5 2.5 2 0 1 0 0
6905.9 -6450.6 -7.7 272 0 7.7 14.7 5.0 2.5 2 1 2 4 4
6914.2 -6578.3 -6.9 88 0 7.1 7.1 2.5 0.0 0 0 1 2 2
