-5510.9 195.9 -0.1 173 0 10.7 8.3 7.5 2.5 2 0 3 1 1
-5519.7 140.9 0.1 1 0 12.3 8.5 7.5 2.5 2 0 3 0 0
-5551.9 139.4 0.1 178 0 14.9 7.6 5.0 2.5 2 0 2 3 3
-5574.5 731.1 -3.3 179 0 5.9 6.0 2.5 0.0 0 1 1 4 4
-5578.6 740.2 -3.2 176 0 7.8 7.8 5.0 2.5 2 0 2 0 0
-5416.0 315.5 0.3 8 0 14.3 6.9 7.5 2.5 2 0 3 0 0
-5416.2 353.3 0.8 353 0 14.7 8.6 2.5 2.5 2 0 1 5 5
-5403.7 305.8 0.3 91 0 14.5 17.2 7.5 2.5 2 1 3 4 4
-6727.3 2483.3 -8.4 177 0 11.4 9.7 7.5 2.5 2 0 3 0 0
-6821.6 2396.0 -5.3 0 0 9.2 24.7 5.0 2.5 2 1 2 0 0
-6828.7 2375.5 -5.1 0 0 8.5 19.9 5.0 2.5 2 1 2 1 1
-6814.6 2357.4 -5.3 1 0 13.6 10.7 5.0 2.5 2 0 2 1 1
-6661.9 2206.6 -7.4 268 0 14.0 17.4 10.0 0.0 0 1 4 3 3
-6679.6 2413.8 -8.2 269 0 8.1 15.6 5.0 2.5 2 1 2 3 3
-6760.9 2586.3 -8.1 284 0 5.7 8.1 2.5 2.5 2 1 1 3 3
-6765.3 2556.2 -7.9 92 0 7.1 9.9 5.0 2.5 2 1 2 1 1
-6650.1 2381.1 -8.2 358 0 12.9 9.7 7.5 2.5 2 0 3 3 3
-6733.2 2253.7 -7.2 179 0 16.2 5.8 7.5 2.5 2 0 3 0 0
-6722.9 2221.5 -7.1 86 0 11.5 14.0 7.5 2.5 2 1 3 1 1
-5983.9 654.3 -4.9 82 0 7.7 16.6 7.5 2.5 2 1 3 3 3
-5796.6 343.6 -0.6 1 0 7.9 11.8 5.0 2.5 2 1 2 0 0
-5780.7 503.6 0.2 7 0 8.5 38.0 7.5 0.0 0 1 3 3 3
-5766.4 562.4 1.4 351 0 9.7 13.5 7.5 0.0 0 1 3 2 2
-5781.9 559.1 1.1 349 0 7.8 18.0 7.5 2.5 2 1 3 3 3
-5820.2 582.8 1.6 173 0 14.9 9.3 7.5 2.5 2 0 3 2 2
-5719.5 788.9 -3.1 77 0 10.2 16.0 2.5 2.5 2 1 1 3 3
