-6816.9 -6486.4 -16.9 183 0 4.8 20.4 7.5 2.5 2 1 3 1 1
-6816.9 -6497.7 -16.8 180 0 3.2 10.7 7.5 2.5 2 1 3 1 1
-6817.1 -6503.6 -16.8 180 0 6.2 12.2 5.0 2.5 2 1 2 1 1
-6767.0 -6501.2 -15.1 5 0 5.4 17.0 2.5 0.0 0 1 1 0 0
-6779.1 -6513.8 -15.4 95 0 23.0 9.8 7.5 2.5 2 0 3 2 2
-6765.5 -6493.4 -15.6 5 0 4.6 27.2 5.0 2.5 4 1 2 0 0
-6765.5 -6479.2 -15.1 2 0 5.4 14.6 7.5 2.5 2 1 3 4 4
-6764.9 -6472.9 -15.9 5 0 5.3 31.4 7.5 2.5 2 1 3 4 4
-6764.2 -6465.6 -15.5 5 0 7.0 22.2 5.0 2.5 2 1 2 5 5
-6760.8 -6441.8 -15.5 2 0 3.4 22.7 7.5 2.5 4 1 3 4 4
-6761.0 -6434.9 -15.7 1 0 7.7 24.1 7.5 2.5 4 1 3 0 0
-6760.7 -6427.8 -15.5 4 0 6.6 20.5 2.5 2.5 2 1 1 5 5
-6760.4 -6419.5 -15.6 4 0 7.6 20.4 5.0 2.5 2 1 2 2 2
-6759.8 -6411.1 -15.2 5 0 7.2 11.3 5.0 2.5 2 1 2 4 4
-6758.0 -6403.8 -15.3 4 0 5.5 15.0 2.5 2.5 2 1 1 1 1
-6757.6 -6396.7 -15.6 3 0 5.3 20.7 5.0 2.5 2 1 2 4 4
-6756.4 -6378.7 -15.7 7 0 3.4 20.0 7.5 2.5 2 1 3 3 3
-6755.4 -6367.1 -15.6 3 0 4.0 13.8 7.5 2.5 2 1 3 1 1
-6753.7 -6356.4 -15.8 3 0 3.6 17.9 7.5 2.5 2 1 3 1 1
-6760.0 -6339.9 -15.9 273 0 16.1 3.7 5.0 2.5 2 0 2 1 1
-6761.4 -6335.2 -16.1 275 0 21.5 3.9 7.5 2.5 2 0 3 5 5
-6759.5 -6329.8 -16.1 274 0 20.2 4.5 7.5 2.5 2 0 3 4 4
-6804.5 -6391.0 -16.9 189 0 7.2 17.8 7.5 2.5 2 1 3 1 1
-6807.2 -6400.5 -17.0 187 0 8.8 22.9 7.5 2.5 2 1 3 5 5
-6809.7 -6413.2 -17.0 189 0 13.8 7.7 7.5 2.5 2 0 3 3 3
-6811.2 -6424.3 -17.0 185 0 5.7 13.5 5.0 2.5 2 1 2 0 0
-6813.5 -6437.8 -17.0 185 0 7.9 18.1 5.0 2.5 2 1 2 3 3
-6814.6 -6452.4 -17.0 184 0 8.5 27.1 2.5 2.5 2 1 1 2 2
-6857.3 -6413.2 -19.4 187 0 4.9 17.8 7.5 2.5 2 1 3 5 5
-6860.0 -6452.0 -19.4 271 0 6.5 13.9 5.0 2.5 2 1 2 5 5
-6844.8 -6334.2 -19.3 187 0 6.0 7.3 5.0 2.5 2 1 2 1 1
-6810.2 -6385.1 -18.0 8 0 7.6 14.5 7.5 2.5 4 1 3 3 3
-6803.6 -6356.0 -17.7 359 0 4.3 11.9 5.0 2.5 2 1 2 4 4
-6798.7 -6334.8 -17.8 353 0 3.7 14.9 7.5 2.5 4 1 3 2 2
-6799.6 -6329.4 -17.8 355 0 4.8 13.8 5.0 2.5 2 1 2 5 5
-6812.2 -6395.9 -17.8 357 0 7.5 10.7 5.0 2.5 2 1 2 3 3
-6818.9 -6462.8 -18.1 2 0 8.0 19.6 5.0 2.5 2 1 2 1 1
-6821.1 -6502.7 -17.3 359 0 7.4 6.5 7.5 2.5 4 0 3 4 4
-6794.6 -6348.7 -16.8 185 0 4.6 17.2 7.5 2.5 2 1 3 1 1
-6799.4 -6368.2 -16.9 187 0 5.2 16.6 5.0 2.5 2 1 2 2 2
-6904.6 -6324.5 -22.5 271 0 9.3 7.7 7.5 2.5 2 0 3 3 3
-6899.2 -6451.0 -21.4 90 0 6.7 7.7 7.5 0.0 0 1 3 1 1
-6905.7 -6450.4 -21.6 99 0 5.1 18.6 2.5 2.5 2 1 1 2 2
-6865.0 -6433.6 -20.2 6 0 3.8 12.3 7.5 2.5 2 1 3 5 5
-6858.0 -6383.1 -20.4 6 0 4.7 16.4 5.0 0.0 0 1 2 4 4
-6857.1 -6377.6 -20.4 6 0 4.6 17.2 5.0 0.0 0 1 2 3 3
-6854.5 -6358.0 -21.2 9 0 7.4 31.4 2.5 2.5 2 1 1 3 3
-6877.2 -6325.8 -21.1 274 0 7.0 18.7 2.5 2.5 2 1 1 2 2
-6860.8 -6403.7 -21.2 4 0 9.7 32.2 7.5 2.5 2 1 3 3 3
-6865.4 -6439.6 -20.7 4 0 4.1 24.2 7.5 2.5 2 1 3 4 4
-6847.8 -6354.9 -19.3 187 0 10.4 8.3 5.0 2.5 2 0 2 4 4
-6869.2 -6769.6 -16.9 182 0 5.6 13.9 5.0 2.5 4 1 2 3 3
-6803.7 -6782.1 -14.0 185 0 5.6 9.8 7.5 2.5 4 1 3 1 1
-6805.0 -6773.8 -14.0 184 0 9.5 24.1 2.5 2.5 2 1 1 1 1
-6865.7 -6649.8 -18.1 180 0 6.4 27.1 5.0 2.5 2 1 2 4 4
-6872.1 -6655.5 -19.2 0 0 5.9 17.5 5.0 0.0 0 1 2 1 1
-6871.6 -6646.5 -19.4 0 0 10.5 21.0 7.5 2.5 2 1 3 2 2
-6875.3 -6688.6 -18.8 0 0 6.0 11.7 7.5 2.5 4 1 3 0 0
-6875.2 -6695.7 -19.1 358 0 7.2 19.0 5.0 2.5 2 1 2 5 5
-6875.0 -6704.2 -18.5 2 0 7.5 8.3 2.5 2.5 2 1 1 3 3
-6875.5 -6726.4 -18.8 4 0 9.1 17.6 2.5 2.5 2 1 1 2 2
-6875.5 -6734.9 -18.9 3 0 6.9 20.0 5.0 0.0 0 1 2 4 4
-6876.2 -6743.1 -18.8 5 0 7.2 19.2 7.5 2.5 2 1 3 0 0
-6876.4 -6752.1 -18.5 3 0 4.8 13.3 7.5 2.5 2 1 3 5 5
-6876.1 -6759.6 -18.8 2 0 5.2 21.0 5.0 2.5 2 1 2 4 4
-6877.2 -6789.1 -18.4 3 0 4.2 19.1 7.5 2.5 2 1 3 0 0
-6772.5 -6556.7 -14.2 184 0 12.5 15.5 2.5 2.5 2 1 1 2 2
-6749.4 -6583.3 -13.1 272 0 9.3 28.3 7.5 2.5 2 1 3 0 0
-6759.1 -6585.9 -13.5 272 0 6.9 22.0 5.0 2.5 2 1 2 1 1
-6785.0 -6610.2 -14.4 186 0 6.4 18.8 7.5 2.5 2 1 3 2 2
-6783.5 -6602.8 -14.4 184 0 6.3 14.7 7.5 2.5 2 1 3 3 3
-6786.7 -6626.5 -14.4 186 0 8.7 28.4 7.5 2.5 2 1 3 4 4
-6785.9 -6618.1 -14.4 185 0 7.3 28.2 2.5 2.5 2 1 1 1 1
-6788.7 -6642.7 -14.3 187 0 6.2 20.1 5.0 0.0 0 1 2 3 3
-6794.0 -6682.3 -14.3 186 0 7.0 11.5 2.5 0.0 0 1 1 0 0
-6796.3 -6695.5 -14.3 185 0 6.7 20.8 7.5 2.5 2 1 3 1 1
-6798.5 -6715.0 -13.6 186 0 7.6 19.1 7.5 2.5 2 1 3 3 3
-6799.4 -6722.2 -13.3 187 0 6.0 39.2 7.5 2.5 2 1 3 2 2
-6800.4 -6731.3 -13.1 186 0 3.9 30.8 7.5 2.5 2 0 3 0 0
-6801.5 -6736.0 -13.2 186 0 4.6 31.6 5.0 0.0 0 1 2 3 3
-6807.2 -6692.0 -15.7 2 0 6.0 17.3 2.5 2.5 4 1 1 0 0
-6808.6 -6712.8 -16.1 2 0 6.9 27.0 5.0 2.5 2 1 2 3 3
-6811.1 -6742.6 -15.8 3 0 7.4 28.4 7.5 2.5 2 1 3 4 4
-6793.7 -6601.5 -16.0 4 0 9.9 22.4 2.5 2.5 2 1 1 2 2
-6803.9 -6684.5 -16.4 2 0 8.0 32.7 7.5 2.5 2 1 3 1 1
-6803.1 -6672.3 -16.4 3 0 7.2 32.3 5.0 2.5 2 1 2 3 3
-6802.8 -6664.4 -16.4 1 0 6.1 32.1 7.5 2.5 2 1 3 0 0
-6800.9 -6649.3 -16.5 360 0 7.0 34.0 7.5 2.5 2 1 3 2 2
-6869.7 -6788.1 -17.2 180 0 7.3 19.6 5.0 2.5 2 1 2 1 1
-6712.4 -6577.2 -11.3 93 0 5.7 15.4 5.0 2.5 2 1 2 0 0
-6726.9 -6576.9 -12.0 93 0 4.1 19.0 5.0 2.5 2 1 2 2 2
-6735.6 -6577.0 -12.6 91 0 12.0 12.8 5.0 2.5 2 1 2 0 0
-6741.6 -6524.7 -13.0 281 0 3.5 11.1 5.0 2.5 2 1 2 5 5
-6665.3 -6560.6 -9.8 5 0 11.4 10.2 10.0 2.5 2 0 4 5 5
-6706.1 -6530.1 -11.3 281 0 4.9 23.0 5.0 2.5 2 1 2 2 2
-6693.9 -6532.4 -10.8 278 0 5.1 25.8 7.5 2.5 2 1 3 1 1
-6682.1 -6536.0 -10.4 278 0 6.5 20.9 5.0 2.5 2 1 2 1 1
-6871.6 -6504.2 -19.6 91 0 4.6 18.4 5.0 2.5 4 1 2 0 0
-6881.4 -6504.4 -20.0 90 0 3.2 11.9 5.0 2.5 2 0 2 2 2
-6906.6 -6502.8 -21.4 90 0 5.2 19.2 5.0 2.5 2 1 2 3 3
-6845.2 -6513.7 -18.2 272 0 7.3 21.4 5.0 2.5 2 1 2 5 5
-6868.0 -6512.7 -19.3 269 0 5.4 18.1 2.5 2.5 4 1 1 1 1
-6885.2 -6567.4 -19.8 90 0 5.3 8.2 7.5 2.5 2 1 3 5 5
-6729.2 -6760.1 -10.4 196 0 5.7 26.2 7.5 2.5 2 1 3 3 3
-6720.7 -6729.2 -8.9 197 0 7.7 21.4 5.0 2.5 2 1 2 3 3
-6723.9 -6742.9 -9.5 196 0 7.0 33.8 5.0 2.5 2 1 2 4 4
-6714.5 -6707.1 -7.7 201 0 4.6 10.6 7.5 2.5 4 1 3 0 0
-6712.4 -6696.7 -7.3 193 0 4.9 26.2 5.0 2.5 2 1 2 0 0
-6710.7 -6690.5 -7.2 193 0 6.4 25.6 5.0 2.5 4 1 2 0 0
-6729.8 -6586.2 -12.0 270 0 6.1 6.2 7.5 2.5 4 1 3 2 2
-6736.2 -6586.1 -12.3 271 0 5.8 8.3 5.0 2.5 2 1 2 1 1
-6727.0 -6600.9 -12.3 272 0 27.8 6.6 7.5 2.5 2 0 3 1 1
-6743.9 -6759.2 -11.7 15 0 3.1 17.7 7.5 2.5 2 1 3 4 4
-6758.6 -6795.5 -12.0 100 0 11.4 6.3 2.5 2.5 2 0 1 5 5
-6719.8 -6679.8 -10.1 11 0 5.4 16.7 2.5 2.5 2 1 1 4 4
-6727.1 -6693.4 -10.9 10 0 6.0 25.3 7.5 0.0 0 1 3 4 4
-6723.9 -6686.5 -11.8 12 0 8.2 34.2 7.5 2.5 2 1 3 3 3
-6717.7 -6656.9 -11.3 4 0 14.2 20.4 10.0 2.5 2 1 4 0 0
-6695.6 -6612.6 -10.5 3 0 3.5 10.8 5.0 2.5 2 1 2 2 2
-6700.9 -6584.8 -10.6 273 0 5.8 6.7 5.0 2.5 2 1 2 1 1
-6799.1 -6577.7 -15.7 273 0 14.8 8.2 7.5 2.5 4 0 3 2 2
-6792.7 -6591.6 -15.7 4 0 7.6 16.4 2.5 2.5 4 1 1 0 0
-6873.0 -6572.1 -19.2 273 0 9.5 21.8 2.5 2.5 4 1 1 0 0
-6835.9 -6576.8 -17.5 271 0 14.1 6.3 5.0 2.5 2 0 2 1 1
-6890.1 -6604.4 -19.6 186 0 6.6 8.3 5.0 0.0 0 1 2 3 3
-6508.6 -6445.8 -7.7 7 0 3.2 25.5 5.0 2.5 2 1 2 5 5
-6507.3 -6421.7 -7.8 7 0 6.5 20.2 5.0 2.5 2 1 2 4 4
-6523.2 -6484.5 -7.4 4 0 9.3 17.7 2.5 2.5 2 1 1 3 3
-6565.6 -6482.0 -8.6 180 0 10.5 20.7 2.5 2.5 2 1 1 0 0
-6565.8 -6501.6 -7.9 181 0 6.7 14.6 7.5 2.5 2 1 3 0 0
-6570.2 -6446.6 -9.7 1 0 15.9 18.9 10.0 2.5 2 1 4 3 3
-6570.6 -6458.9 -9.6 1 0 6.3 19.1 5.0 2.5 2 1 2 4 4
-6570.9 -6476.2 -9.1 3 0 3.8 20.1 2.5 2.5 2 1 1 4 4
-6570.3 -6484.8 -8.9 3 0 4.5 19.1 5.0 2.5 4 1 2 0 0
-6572.8 -6495.1 -8.7 2 0 5.7 20.3 7.5 2.5 2 1 3 5 5
-6602.1 -6521.9 -8.7 90 0 5.9 20.0 5.0 2.5 2 1 2 4 4
-6616.7 -6308.6 -12.3 185 0 5.3 6.7 7.5 2.5 4 1 3 4 4
-6619.6 -6316.9 -12.2 186 0 7.2 29.7 7.5 2.5 2 1 3 1 1
-6596.3 -6300.4 -12.2 271 0 13.1 7.4 7.5 2.5 2 0 3 5 5
-6618.5 -6301.4 -12.6 185 0 3.9 12.4 7.5 2.5 4 1 3 1 1
-6620.3 -6329.5 -11.9 185 0 11.6 23.3 5.0 2.5 2 1 2 2 2
-6624.6 -6348.1 -11.9 189 0 6.0 23.6 7.5 2.5 2 1 3 3 3
-6625.7 -6354.0 -11.8 189 0 4.4 23.2 5.0 2.5 2 1 2 0 0
-6632.1 -6363.5 -12.0 187 0 4.7 36.9 7.5 2.5 2 1 3 4 4
-6628.7 -6385.5 -11.7 188 0 5.5 31.3 7.5 2.5 2 1 3 2 2
-6635.2 -6448.5 -10.6 184 0 6.2 21.9 7.5 2.5 2 1 3 1 1
-6635.4 -6494.8 -9.5 184 0 4.4 20.8 5.0 0.0 0 1 2 4 4
-6641.3 -6512.2 -9.1 183 0 4.7 25.6 7.5 2.5 2 1 3 3 3
-6639.3 -6502.9 -9.4 183 0 10.5 25.1 7.5 2.5 2 1 3 1 1
-6646.7 -6474.6 -10.1 180 0 3.6 10.1 7.5 2.5 2 1 3 5 5
-6645.8 -6466.3 -10.3 184 0 3.9 7.8 7.5 2.5 4 1 3 5 5
-6645.9 -6459.7 -10.5 183 0 7.5 34.2 7.5 2.5 2 1 3 0 0
-6061.3 -6425.1 -4.6 192 0 9.0 5.0 7.5 2.5 2 0 3 4 4
-6068.5 -6444.3 -4.6 194 0 3.8 9.4 5.0 2.5 2 1 2 2 2
-6123.9 -6550.3 -3.5 92 0 6.2 11.4 7.5 2.5 2 1 3 0 0
-6123.4 -6559.0 -3.5 269 0 10.2 7.7 7.5 2.5 2 0 3 4 4
-6134.7 -6583.6 -3.2 283 0 7.8 11.9 7.5 2.5 2 1 3 4 4
-6123.2 -6578.8 -3.4 269 0 6.4 11.4 5.0 2.5 2 1 2 4 4
-6132.6 -6613.6 -3.2 18 0 4.6 10.4 5.0 2.5 2 1 2 4 4
-6331.3 -6595.3 9.3 201 0 6.0 5.7 2.5 2.5 2 0 1 4 4
-6337.2 -6647.1 6.2 131 0 18.2 13.6 5.0 2.5 2 0 2 0 0
-6293.2 -6761.5 0.7 117 0 9.0 25.7 2.5 2.5 4 1 1 3 3
-6462.7 -6697.6 9.1 111 0 7.0 45.7 7.5 2.5 2 1 3 3 3
-6427.1 -6661.9 6.9 294 0 14.5 11.9 5.0 2.5 2 0 2 0 0
-6408.6 -6672.0 5.6 290 0 8.7 44.4 7.5 2.5 2 1 3 5 5
-6519.9 -6542.0 -4.6 90 0 18.0 7.2 5.0 2.5 2 0 2 3 3
-3231.1 2558.9 -17.2 325 0 10.3 15.1 7.5 2.5 2 1 3 2 2
