-3095.6 4703.7 -1.2 86 0 65.1 162.3 10.0 0.0 0 1 4 4 4
-3780.6 2648.8 2.9 4 0 81.4 180.5 12.5 0.0 0 1 5 0 0
3897.3 4196.7 -3.4 197 0 17.8 18.1 7.5 2.5 2 1 3 5 5
3900.2 4222.5 -2.9 102 0 33.4 11.0 10.0 2.5 2 0 4 5 5
4487.4 5732.2 -13.6 197 0 50.5 9.7 7.5 0.0 0 0 3 0 0
3885.7 4155.2 -4.3 197 0 17.8 18.1 7.5 0.0 0 1 3 5 5
3833.1 4129.1 -5.6 283 0 14.5 18.2 5.0 2.5 2 1 2 4 4
3891.2 4177.1 -3.8 197 0 17.8 18.1 12.5 2.5 2 1 5 2 2
3851.6 4125.2 -5.7 283 0 14.5 18.2 10.0 2.5 2 1 4 5 5
3869.6 4120.4 -5.5 283 0 14.5 18.2 10.0 2.5 2 1 4 2 2
3625.9 4153.4 -3.7 193 0 6.8 53.6 7.5 2.5 2 1 3 0 0
3730.2 4130.7 -4.3 12 0 7.0 51.9 7.5 2.5 2 1 3 2 2
3790.3 4304.7 -3.7 193 0 33.5 40.2 10.0 0.0 0 1 4 3 3
3765.8 4133.6 -4.9 280 0 20.6 10.2 5.0 2.5 2 0 2 1 1
4402.5 6076.8 5.0 1 0 9.0 11.1 5.0 2.5 2 1 2 3 3
