-6769.7 -4270.7 20.0 269 0 28.4 29.0 7.5 0.0 0 1 3 1 1
-6836.4 -4164.2 15.5 191 0 29.5 15.2 12.5 2.5 2 0 5 4 4
-6889.4 -3842.9 3.5 194 0 36.9 20.3 10.0 0.0 0 0 4 0 0
-6800.8 -4137.9 14.1 282 0 6.7 13.2 5.0 0.0 0 1 2 0 0
-6766.1 -4198.3 15.7 286 0 7.2 16.9 7.5 2.5 2 1 3 5 5
-6448.4 -2451.6 -5.7 91 0 19.1 18.4 14.0 3.5 2 0 4 3 3
-6407.7 -2421.7 -5.6 93 0 15.1 14.7 14.0 0.0 0 0 4 0 0
-6373.6 -2429.6 -5.4 93 0 22.4 12.8 14.0 3.5 4 0 4 4 4
-6366.4 -2369.1 -5.7 2 0 17.3 13.9 14.0 3.5 2 0 4 1 1
-6497.5 -2373.0 -5.7 91 0 20.7 42.4 14.0 3.5 2 1 4 1 1
-6327.5 -2328.9 -6.8 2 0 11.1 8.4 10.5 3.5 2 0 3 5 5
-6580.9 -2341.8 -5.8 97 0 7.8 29.8 10.5 3.5 2 1 3 3 3
-6562.2 -2282.1 -5.5 94 0 6.9 10.2 10.5 3.5 2 1 3 4 4
-6546.4 -2278.1 -5.5 99 0 6.5 12.2 10.5 3.5 2 1 3 1 1
-6538.9 -2279.6 -5.4 94 0 5.3 10.8 10.5 0.0 0 1 3 2 2
-6524.6 -2283.5 -5.3 91 0 5.1 7.8 10.5 3.5 2 1 3 4 4
-6518.5 -2279.6 -5.3 89 0 4.6 11.0 10.5 3.5 2 1 3 4 4
-6286.5 -2557.8 -5.5 281 0 13.2 10.8 10.5 3.5 2 0 3 3 3
6579.7 758.3 -28.5 12 0 9.0 10.3 7.5 2.5 2 1 3 1 1
6569.8 613.2 -19.1 277 0 8.8 6.7 7.5 2.5 2 0 3 4 4
6550.3 615.3 -18.5 277 0 9.4 14.6 7.5 2.5 2 1 3 5 5
