4612.5 1104.6 -3.5 287 0 59.5 80.9 7.5 0.0 0 1 3 2 2
6046.3 863.3 -2.4 13 0 9.0 14.8 7.5 2.5 2 1 3 5 5
6074.6 936.3 -3.3 14 0 8.5 13.7 7.5 2.5 2 1 3 4 4
6226.6 1450.2 -7.7 2 0 8.7 12.3 5.0 2.5 2 1 2 3 3
6085.8 974.7 -3.4 15 0 16.2 13.7 2.5 0.0 0 0 1 4 4
6077.6 1037.7 -3.8 196 0 5.6 16.3 7.5 2.5 2 1 3 3 3
6099.8 1467.6 -10.8 356 0 13.3 8.1 2.5 2.5 2 0 1 2 2
6066.1 1403.9 -9.3 179 0 16.7 13.0 7.5 2.5 2 0 3 1 1
6042.7 936.6 -3.1 196 0 15.2 15.4 5.0 2.5 2 1 2 1 1
6133.3 1419.9 -9.5 80 0 12.5 9.5 5.0 2.5 2 0 2 4 4
4261.9 1677.0 -2.8 104 0 76.0 98.4 7.5 0.0 0 1 3 3 3
6907.5 971.8 3.9 342 0 24.2 11.2 14.0 3.5 2 0 4 0 0
