-6816.6 6786.6 -8.5 2 0 7.0 34.9 7.5 2.5 2 1 3 1 1
-6819.5 6767.7 -8.2 2 0 7.0 21.9 7.5 2.5 2 1 3 1 1
-6818.8 6760.2 -8.3 360 0 5.9 24.0 5.0 2.5 2 1 2 2 2
-6806.0 6762.3 -6.6 181 0 4.3 22.0 2.5 0.0 0 1 1 1 1
-6783.0 6745.6 -5.8 93 0 10.2 9.8 7.5 2.5 2 0 3 0 0
-6793.3 6746.2 -6.2 91 0 4.3 9.7 7.5 2.5 2 1 3 4 4
-6806.0 6752.4 -6.7 182 0 11.5 10.0 2.5 2.5 2 0 1 5 5
-6832.4 6602.3 -9.2 40 0 7.7 7.9 7.5 2.5 2 1 3 4 4
-6877.3 6716.0 -10.4 269 0 7.8 4.9 7.5 0.0 0 0 3 0 0
-6867.4 6723.1 -9.9 269 0 5.9 5.5 5.0 2.5 2 0 2 5 5
-6854.7 6734.7 -9.2 90 0 8.5 8.7 5.0 2.5 2 1 2 2 2
-6846.4 6734.3 -8.7 92 0 6.3 14.1 7.5 2.5 2 1 3 0 0
-6833.8 6733.5 -8.1 90 0 6.0 14.6 2.5 0.0 0 1 1 0 0
-6869.9 6771.4 -9.6 180 0 12.8 8.0 5.0 2.5 4 0 2 4 4
-6906.7 6794.8 -11.2 184 0 8.9 28.6 7.5 2.5 2 1 3 3 3
-6733.4 6688.8 -3.6 181 0 5.8 8.9 5.0 2.5 2 1 2 4 4
-6735.6 6704.1 -3.5 182 0 8.3 6.0 7.5 2.5 4 0 3 4 4
-6740.1 6710.5 -3.7 178 0 4.7 16.8 7.5 2.5 2 1 3 1 1
-6746.0 6778.1 -3.5 201 0 5.1 8.5 2.5 2.5 2 1 1 0 0
-6745.2 6784.3 -3.3 194 0 5.6 12.3 7.5 2.5 2 1 3 4 4
-6747.0 6720.1 -4.1 97 0 8.0 13.4 7.5 2.5 2 1 3 0 0
-6755.8 6744.0 -4.3 199 0 4.2 20.1 7.5 2.5 2 1 3 1 1
-6754.6 6750.4 -4.2 200 0 5.4 23.3 7.5 2.5 2 1 3 0 0
-6769.5 6756.2 -5.4 1 0 5.0 12.1 5.0 0.0 0 1 2 4 4
-6762.3 6773.6 -5.2 3 0 3.9 19.3 5.0 0.0 0 1 2 0 0
-6806.8 6775.4 -6.5 180 0 3.6 22.2 2.5 2.5 2 1 1 5 5
-6806.3 6779.8 -6.4 180 0 4.1 20.5 7.5 2.5 2 1 3 1 1
-6806.3 6766.8 -6.5 181 0 3.2 13.2 7.5 2.5 2 1 3 3 3
-6806.7 6770.8 -6.5 180 0 4.2 24.4 5.0 2.5 2 1 2 0 0
