-5467.9 3809.6 -10.9 181 0 18.9 27.1 5.0 0.0 0 1 2 4 4
-5603.3 3826.6 -12.8 136 0 18.8 26.9 10.0 0.0 0 1 4 3 3
-5577.1 3774.3 -13.0 182 0 18.0 25.6 10.0 2.5 2 1 4 3 3
-5617.6 3704.5 -15.5 3 0 51.4 65.6 15.0 0.0 0 1 6 2 2
-5612.8 3776.0 -14.6 3 0 50.0 62.3 10.0 0.0 0 1 4 3 3
-5610.3 3648.3 -14.8 183 0 26.5 65.4 7.5 0.0 0 1 3 4 4
-5664.1 3583.6 -16.7 1 0 27.7 26.6 10.0 0.0 0 0 4 4 4
-5753.2 3584.9 -17.7 182 0 31.6 26.9 10.0 0.0 0 0 4 3 3
-5648.1 3564.5 -16.6 272 0 28.3 26.0 15.0 0.0 0 0 6 1 1
-5665.5 3518.3 -17.3 1 0 27.7 26.6 7.5 0.0 0 0 3 1 1
-5710.4 3566.8 -17.5 271 0 28.3 26.0 7.5 0.0 0 0 3 4 4
-5683.2 3632.1 -16.2 93 0 26.3 31.7 7.5 0.0 0 1 3 1 1
-5517.9 3455.7 -15.6 1 0 27.7 26.6 5.0 0.0 0 0 2 2 2
-5474.4 3454.2 -14.5 181 0 27.7 26.6 7.5 0.0 0 0 3 0 0
-3209.0 858.1 -11.3 269 0 68.8 75.3 14.0 0.0 0 1 4 5 5
-4882.1 1814.9 -15.9 4 0 21.5 39.5 10.0 0.0 0 1 4 3 3
-4510.2 2255.6 -13.6 56 0 21.4 33.0 15.0 0.0 0 1 6 2 2
-4922.1 1732.1 -16.1 185 0 5.1 25.0 7.5 2.5 2 1 3 4 4
-4891.7 1727.1 -15.6 96 0 7.5 18.1 7.5 2.5 2 1 3 0 0
-4886.1 1781.4 -16.1 7 0 31.0 39.3 7.5 0.0 0 1 3 5 5
-4673.3 2760.0 -16.6 320 0 19.3 24.2 10.0 2.5 2 1 4 4 4
-4653.8 2736.1 -16.3 319 0 36.4 21.7 10.0 0.0 0 0 4 0 0
-6697.2 5245.0 -18.1 239 0 25.7 11.0 7.5 2.5 2 0 3 2 2
-6476.5 5553.7 -12.8 288 0 13.4 19.1 10.0 2.5 2 1 4 0 0
-6471.3 5514.3 -13.1 23 0 26.3 22.8 10.0 2.5 2 0 4 1 1
-6518.3 5563.1 -13.7 283 0 27.3 25.3 10.0 0.0 0 0 4 2 2
-6552.7 5548.5 -14.1 199 0 10.2 6.3 5.0 2.5 2 0 2 3 3
-6887.2 4721.7 -13.6 107 0 28.4 33.6 12.5 0.0 0 1 5 4 4
-6800.8 4727.2 -15.2 19 0 14.0 27.2 7.5 2.5 2 1 3 1 1
-6856.8 5495.4 -16.7 235 0 12.1 32.2 10.0 2.5 2 1 4 3 3
-4288.3 2019.0 -15.2 20 0 15.7 18.1 14.0 3.5 2 1 4 0 0
-4398.9 2245.7 -14.7 33 0 9.2 29.4 7.5 2.5 2 1 3 1 1
-4356.3 2276.3 -14.7 41 0 13.2 13.5 5.0 2.5 2 1 2 3 3
-4407.3 2231.4 -14.8 35 0 6.7 15.2 7.5 2.5 2 1 3 2 2
-4377.3 1964.5 -14.9 102 0 6.7 6.0 10.5 3.5 2 0 3 0 0
-4569.0 2489.5 -13.2 327 0 10.1 37.0 7.5 2.5 2 1 3 3 3
-4367.1 1966.1 -15.1 188 0 7.4 28.2 10.5 3.5 2 1 3 0 0
-4365.2 2166.2 -15.1 200 0 7.6 13.3 10.5 3.5 2 1 3 3 3
-4395.9 2184.1 -14.8 202 0 18.5 7.8 10.5 3.5 4 0 3 4 4
-4326.2 2311.4 -14.5 47 0 7.5 8.2 5.0 0.0 0 1 2 2 2
-4317.8 2299.5 -14.7 48 0 6.3 9.8 7.5 2.5 2 1 3 1 1
-4423.5 1995.1 -14.5 110 0 14.1 5.0 10.5 0.0 0 0 3 3 3
-4414.6 2221.4 -14.7 35 0 10.6 3.8 5.0 0.0 0 0 2 0 0
-4278.5 1996.0 -15.5 278 0 7.9 47.2 10.5 3.5 2 1 3 2 2
-4272.2 2003.3 -15.3 6 0 8.2 8.4 10.5 0.0 0 1 3 1 1
-4843.8 2293.6 -13.8 56 0 8.0 8.0 5.0 2.5 4 1 2 0 0
-4601.1 2189.7 -12.5 85 0 10.9 19.2 7.5 2.5 2 1 3 2 2
-2585.1 920.8 -11.9 195 0 15.3 19.2 10.5 0.0 0 1 3 0 0
-2745.2 931.5 -12.7 55 0 18.0 22.9 10.5 3.5 2 1 3 5 5
-2444.3 786.0 -11.3 157 0 5.4 16.6 10.5 3.5 2 1 3 5 5
-2434.0 769.6 -11.3 65 0 4.8 19.8 10.5 3.5 2 0 3 2 2
-2657.2 910.9 -12.3 95 0 7.3 12.1 10.5 3.5 2 1 3 1 1
-2596.2 528.1 -13.6 277 0 22.2 29.2 14.0 0.0 0 1 4 1 1
-2562.0 609.8 -12.9 92 0 14.9 25.0 14.0 0.0 0 1 4 0 0
-2804.4 799.3 -10.4 276 0 7.0 15.4 10.5 3.5 2 1 3 2 2
-2773.4 797.4 -10.6 277 0 12.3 45.8 14.0 3.5 2 1 4 3 3
-2595.4 645.5 -12.4 276 0 29.1 11.3 14.0 3.5 2 0 4 5 5
-2547.4 586.5 -13.3 93 0 14.6 21.5 14.0 0.0 0 1 4 1 1
-2594.6 571.9 -13.3 97 0 12.1 27.3 14.0 3.5 2 1 4 5 5
-2590.9 606.2 -12.7 97 0 11.9 23.3 14.0 3.5 2 1 4 3 3
-2143.3 809.5 -7.4 130 0 11.0 8.9 5.0 0.0 0 0 2 3 3
-2120.1 720.9 -5.9 131 0 14.6 7.0 5.0 2.5 2 0 2 4 4
-2089.1 782.2 -5.3 133 0 6.6 7.5 7.5 2.5 2 1 3 0 0
-2147.9 776.7 -7.8 131 0 59.9 17.9 10.0 2.5 2 0 4 0 0
-2082.2 894.9 -7.4 90 0 35.2 6.9 5.0 2.5 2 0 2 0 0
-2112.5 841.6 -7.2 39 0 24.4 7.5 2.5 2.5 2 0 1 2 2
-1944.8 532.8 0.4 181 0 10.3 21.8 7.5 2.5 2 1 3 1 1
-1896.1 588.4 -0.1 279 0 79.0 9.4 7.5 2.5 4 0 3 1 1
-1950.6 227.4 -3.0 169 0 14.0 22.5 7.5 2.5 2 1 3 4 4
-1899.8 508.1 1.0 90 0 9.0 28.3 7.5 2.5 2 1 3 5 5
-1959.1 308.3 -2.7 178 0 17.8 33.1 10.0 2.5 2 1 4 4 4
-3407.6 1325.7 -12.3 180 0 7.8 8.8 10.5 3.5 2 1 3 4 4
-5068.9 -179.1 -10.3 55 0 13.1 22.0 10.0 0.0 0 1 4 3 3
-5092.9 -272.4 -10.4 80 0 30.9 25.8 7.5 0.0 0 0 3 0 0
4798.7 -1203.4 -0.2 3 0 151.5 230.1 7.5 0.0 0 1 3 2 2
4664.6 -987.2 -1.4 275 0 228.4 109.1 12.5 0.0 0 0 5 1 1
-951.7 20.4 -9.6 107 0 130.6 207.3 12.5 0.0 0 1 5 2 2
3428.0 4416.7 -27.4 8 0 37.4 25.0 12.5 0.0 0 0 5 0 0
2061.0 -5717.7 18.0 252 0 25.0 37.4 7.5 0.0 0 1 3 0 0
1735.4 -5021.7 15.9 172 0 149.0 62.6 12.5 0.0 0 0 5 1 1
1921.5 -4999.1 18.7 173 0 149.4 62.3 10.0 0.0 0 0 4 3 3
1900.0 -5287.3 14.8 83 0 62.2 150.4 10.0 0.0 0 1 4 5 5
2008.5 -4987.7 20.0 173 0 149.5 22.2 12.5 0.0 0 0 5 4 4
2066.9 -5282.0 16.7 263 0 41.4 41.4 12.5 0.0 0 0 5 3 3
2254.4 -4583.7 19.4 94 0 41.8 86.4 10.0 0.0 0 1 4 0 0
2200.1 -4580.7 20.3 94 0 52.9 37.0 7.5 0.0 0 0 3 0 0
2351.7 -4915.4 21.1 273 0 25.3 80.2 12.5 0.0 0 1 5 3 3
1948.0 -5320.9 14.3 83 0 148.5 21.9 12.5 0.0 0 0 5 4 4
1880.6 -5372.5 13.6 172 0 40.8 121.8 10.0 0.0 0 0 4 4 4
1885.9 -5412.9 13.1 173 0 40.4 43.2 10.0 0.0 0 0 4 0 0
1687.6 -5341.6 11.6 173 0 21.4 148.3 12.5 0.0 0 1 5 5 5
1585.6 -5218.8 11.6 264 0 20.3 24.8 15.0 0.0 0 1 6 4 4
1630.7 -5599.9 12.9 58 0 15.6 10.1 5.0 2.5 4 0 2 4 4
1602.8 -5536.4 10.5 83 0 19.5 147.8 12.5 0.0 0 1 5 1 1
1768.8 -5389.9 11.0 83 0 148.3 22.3 10.0 0.0 0 0 4 5 5
1759.2 -5469.4 12.0 263 0 63.7 35.2 10.0 0.0 0 0 4 1 1
2073.8 -4900.7 22.5 246 0 29.8 12.3 7.5 2.5 2 0 3 2 2
1025.9 -4857.7 7.5 323 0 13.4 9.7 8.0 2.5 2 0 2 3 3
1225.5 -4557.3 11.4 102 0 20.5 13.6 5.0 2.5 2 0 2 0 0
1247.6 -4561.9 11.8 100 0 14.8 14.8 8.0 2.5 2 0 2 4 4
1253.8 -4528.7 11.9 280 0 14.8 14.8 8.0 2.5 2 0 2 2 2
1164.0 -4845.9 9.2 281 0 29.4 14.4 10.0 2.5 2 0 4 1 1
922.3 -4512.1 6.9 102 0 9.4 26.1 4.0 2.5 4 1 1 4 4
957.7 -4726.1 7.0 192 0 14.6 14.2 8.0 2.5 2 0 2 3 3
2675.9 -5770.0 20.1 252 0 9.7 36.7 7.5 2.5 2 1 3 1 1
2654.7 -5776.9 20.2 252 0 10.4 36.8 10.0 2.5 2 0 4 5 5
2804.3 -6072.3 18.0 252 0 12.0 17.9 5.0 2.5 2 1 2 5 5
2637.7 -5785.6 20.4 253 0 20.8 9.5 8.0 2.5 2 0 2 0 0
2612.9 -5803.6 20.4 252 0 16.4 26.6 10.0 2.5 4 1 4 4 4
2654.7 -5831.5 20.1 72 0 24.6 18.1 10.0 2.5 2 0 4 2 2
2601.4 -5852.7 20.3 71 0 46.2 3.8 4.0 2.5 2 0 1 0 0
2516.4 -5788.4 20.8 252 0 30.4 7.0 8.0 2.5 2 0 2 4 4
2274.6 -6030.1 19.6 162 0 41.6 90.2 10.0 0.0 0 1 4 4 4
2364.4 -6054.0 19.7 340 0 15.1 20.2 7.5 2.5 2 1 3 4 4
2331.4 -6135.2 19.3 72 0 50.1 41.2 7.5 0.0 0 0 3 4 4
2288.1 -6081.9 19.5 162 0 45.2 48.6 10.0 0.0 0 0 4 4 4
2340.2 -6148.6 19.3 251 0 12.7 20.4 7.5 2.5 2 0 3 0 0
2331.7 -6159.2 19.3 250 0 9.6 7.6 4.0 2.5 2 0 1 3 3
2091.2 -6098.6 18.0 342 0 90.4 89.5 10.0 0.0 0 0 4 3 3
2117.6 -6429.1 14.5 177 0 57.4 119.1 10.0 0.0 0 1 4 0 0
2202.7 -6341.9 15.4 266 0 57.3 37.8 10.0 0.0 0 0 4 5 5
1592.8 -6095.4 18.9 240 0 121.3 113.0 7.5 0.0 0 0 3 3 3
1568.9 -6005.9 18.8 330 0 23.1 12.5 12.5 2.5 2 0 5 2 2
1573.8 -5997.0 18.3 150 0 82.9 80.2 10.0 0.0 0 0 4 2 2
1656.2 -5948.0 18.2 329 0 82.0 15.6 10.0 2.5 2 0 4 5 5
1408.9 -5841.5 15.4 322 0 79.9 51.0 10.0 0.0 0 0 4 0 0
1378.6 -5985.2 17.6 98 0 20.8 9.3 4.0 2.5 4 0 1 2 2
1416.2 -5827.6 15.2 142 0 26.5 50.7 7.5 0.0 0 1 3 0 0
1432.9 -5783.1 14.5 51 0 21.9 23.0 10.0 2.5 2 1 4 2 2
1264.8 -5622.3 12.1 143 0 99.4 86.0 12.5 0.0 0 0 5 1 1
1202.7 -5561.3 11.4 143 0 37.3 98.9 10.0 0.0 0 1 4 5 5
-1332.8 4995.5 -21.8 101 0 19.5 24.0 10.0 2.5 2 1 4 5 5
-1186.5 4777.6 -21.7 108 0 29.7 57.8 7.5 0.0 0 0 3 5 5
-1220.1 4788.4 -21.7 108 0 41.0 73.8 7.5 0.0 0 0 3 0 0
-1265.0 4792.9 -21.8 108 0 21.3 78.1 10.0 0.0 0 1 4 4 4
-405.5 -2112.3 -3.8 142 0 38.7 114.4 12.5 0.0 0 1 5 5 5
-297.7 -1961.3 -4.0 230 0 20.3 25.5 7.5 0.0 0 1 3 2 2
-303.1 -1883.8 -4.5 228 0 39.1 96.1 7.5 0.0 0 1 3 1 1
-877.5 -1465.4 -6.6 42 0 71.2 10.1 12.5 2.5 2 0 5 0 0
-1052.9 -1314.7 -5.8 42 0 40.0 36.4 10.0 0.0 0 0 4 2 2
-913.2 -1265.2 -6.1 172 0 43.6 20.9 7.5 0.0 0 0 3 4 4
-1918.1 218.8 -2.4 170 0 41.0 25.4 12.5 0.0 0 0 5 2 2
-1842.8 152.4 -1.5 95 0 33.6 54.7 10.0 0.0 0 1 4 5 5
-1519.1 -458.0 -7.9 284 0 240.0 78.1 7.5 0.0 0 0 3 1 1
-1632.7 -306.8 -7.4 195 0 27.2 20.1 5.0 2.5 2 0 2 5 5
-1485.6 -431.4 -8.8 104 0 194.4 95.2 12.5 0.0 0 0 5 3 3
-978.9 -459.1 -7.8 196 0 81.0 25.9 10.0 0.0 0 0 4 5 5
-1002.8 -551.8 -7.5 195 0 77.6 20.5 7.5 2.5 2 0 3 3 3
-831.0 -460.8 -9.6 285 0 191.6 81.3 10.0 0.0 0 0 4 5 5
751.9 -1768.8 -4.1 139 0 36.4 34.2 7.5 0.0 0 0 3 1 1
875.3 -1710.9 -4.6 141 0 25.2 43.6 7.5 0.0 0 1 3 1 1
816.3 -1761.2 -4.3 140 0 24.9 73.0 12.5 0.0 0 1 5 0 0
823.8 -1699.9 -5.2 138 0 29.9 73.3 7.5 0.0 0 1 3 5 5
684.9 -1815.8 -4.1 48 0 64.7 46.0 7.5 0.0 0 0 3 3 3
915.3 -2720.5 1.0 317 0 61.8 399.4 12.5 0.0 0 1 5 0 0
522.6 -2453.3 3.0 317 0 78.2 48.2 10.0 0.0 0 0 4 2 2
-108.2 -2256.8 -2.4 92 0 16.0 39.7 10.0 2.5 2 1 4 1 1
-126.6 -2353.9 -1.9 52 0 42.1 104.2 10.0 0.0 0 1 4 0 0
95.9 -2157.0 -3.2 48 0 72.7 50.8 12.5 0.0 0 0 5 1 1
47.8 -2085.1 -3.1 48 0 143.7 53.0 5.0 0.0 0 0 2 0 0
-79.6 -1455.8 -6.4 357 0 23.1 34.2 10.0 0.0 0 1 4 2 2
-135.4 -1552.9 -6.6 88 0 48.3 55.2 10.0 0.0 0 1 4 2 2
-72.0 -1556.7 -6.6 358 0 50.1 24.7 7.5 2.5 4 0 3 4 4
-65.5 -1625.0 -6.7 357 0 52.2 44.2 15.0 0.0 0 0 6 3 3
-26.3 -1647.4 -6.1 175 0 40.4 62.7 7.5 0.0 0 1 3 4 4
129.6 -1359.9 -6.6 259 0 55.5 89.8 7.5 0.0 0 1 3 3 3
217.2 -1604.2 -5.8 357 0 51.7 82.8 10.0 0.0 0 1 4 2 2
178.2 -1695.9 -5.0 280 0 73.6 118.0 5.0 0.0 0 1 2 0 0
185.8 -1862.7 -4.6 11 0 61.2 76.3 10.0 0.0 0 1 4 5 5
407.1 -1854.9 -4.6 48 0 70.0 47.6 10.0 0.0 0 0 4 1 1
471.5 -1813.9 -5.1 48 0 37.9 148.5 10.0 0.0 0 1 4 2 2
773.0 -2244.9 0.4 137 0 21.9 33.3 10.0 0.0 0 1 4 2 2
1045.0 -2157.2 0.2 318 0 26.5 62.2 10.0 0.0 0 1 4 0 0
1252.8 -2051.4 -3.5 95 0 99.7 93.2 12.5 0.0 0 0 5 5 5
1010.9 -1970.0 -2.0 138 0 27.4 28.4 5.0 0.0 0 1 2 2 2
1096.2 -1892.0 -2.4 319 0 30.5 80.6 7.5 0.0 0 1 3 2 2
2051.9 -3887.3 8.9 319 0 61.1 88.7 10.0 0.0 0 1 4 0 0
930.7 -1818.3 -4.0 140 0 23.8 41.4 12.5 0.0 0 1 5 2 2
888.9 -1898.7 -3.6 139 0 56.9 57.1 10.0 0.0 0 1 4 3 3
943.5 -1967.8 -2.2 137 0 42.2 63.4 10.0 0.0 0 1 4 3 3
862.3 -2016.7 -2.5 318 0 211.7 32.7 10.0 0.0 0 0 4 5 5
716.8 -2005.8 -1.8 227 0 39.8 101.4 10.0 0.0 0 1 4 3 3
851.2 -3015.3 3.1 228 0 214.2 43.1 10.0 0.0 0 0 4 3 3
959.7 -2764.9 1.4 317 0 41.7 400.6 10.0 0.0 0 1 4 2 2
2404.8 -3400.1 6.2 58 0 51.0 126.9 10.0 0.0 0 1 4 1 1
2481.9 -3331.7 6.7 150 0 53.5 33.4 10.0 0.0 0 0 4 3 3
2581.1 -3304.6 7.0 57 0 32.1 64.7 10.0 0.0 0 1 4 5 5
2613.3 -3339.8 8.9 238 0 46.3 136.2 12.5 0.0 0 1 5 3 3
2407.9 -3475.5 9.1 238 0 82.7 86.6 12.5 0.0 0 1 5 2 2
2538.2 -3594.7 11.8 326 0 40.0 91.4 10.0 0.0 0 1 4 4 4
2382.9 -3673.2 12.4 237 0 62.2 39.3 7.5 0.0 0 0 3 2 2
2187.5 -3710.2 13.9 235 0 48.5 37.8 7.5 0.0 0 0 3 0 0
2168.3 -3634.5 13.7 51 0 33.9 28.4 7.5 0.0 0 0 3 5 5
2149.3 -3611.8 13.7 50 0 33.0 25.0 10.0 0.0 0 0 4 3 3
2091.3 -3673.4 12.3 49 0 41.1 23.3 10.0 0.0 0 0 4 0 0
1881.7 -3507.3 9.9 125 0 33.8 19.3 10.0 0.0 0 0 4 3 3
1864.9 -3544.8 9.3 124 0 47.4 38.8 10.0 0.0 0 0 4 4 4
1971.9 -3633.2 10.9 175 0 23.9 38.9 10.0 0.0 0 1 4 1 1
1927.9 -3591.8 10.0 126 0 71.4 21.6 15.0 2.5 2 0 6 4 4
1922.7 -3965.9 7.7 137 0 25.2 38.2 5.0 2.5 2 1 2 2 2
1981.3 -3825.2 9.2 320 0 47.6 22.8 12.5 2.5 2 0 5 2 2
1839.8 -3949.6 6.1 139 0 76.6 138.5 10.0 0.0 0 1 4 0 0
-2678.4 -3995.5 1.9 289 0 19.0 97.3 15.0 0.0 0 1 6 0 0
-2711.4 -3986.0 2.1 289 0 17.8 100.9 15.0 0.0 0 1 6 2 2
-6191.1 6797.3 -17.5 17 0 93.0 42.4 10.0 0.0 0 0 4 5 5
-6240.6 6680.7 -17.0 197 0 18.0 46.7 10.0 2.5 4 1 4 2 2
-6114.5 6555.2 -15.9 18 0 150.3 18.9 7.5 0.0 0 0 3 2 2
-6141.4 6543.7 -16.8 17 0 179.3 137.6 12.5 0.0 0 0 5 3 3
-6209.2 6331.7 -15.9 17 0 157.0 150.2 15.0 0.0 0 0 6 4 4
-6246.9 6209.6 -13.5 17 0 35.5 139.9 10.0 0.0 0 1 4 5 5
3347.5 -3320.3 6.6 197 0 23.6 13.0 7.5 2.5 4 0 3 3 3
6622.0 6564.4 -21.4 96 0 10.5 27.2 7.5 2.5 2 1 3 1 1
6629.1 6453.2 -22.1 7 0 19.1 44.7 10.0 2.5 2 1 4 5 5
6668.3 6500.6 -20.1 7 0 78.9 23.6 10.0 0.0 0 0 4 3 3
6492.2 6388.0 -25.2 4 0 89.4 9.1 7.5 2.5 4 0 3 2 2
6465.2 6345.1 -24.3 3 0 8.5 5.9 7.5 2.5 2 0 3 3 3
6451.7 6351.4 -24.8 356 0 12.8 9.7 7.5 2.5 2 0 3 0 0
6673.0 6555.2 -19.5 96 0 7.8 7.8 5.0 0.0 0 0 2 5 5
1399.5 -6378.9 21.6 170 0 22.0 39.4 10.0 0.0 0 1 4 2 2
-3615.8 1593.8 -16.4 274 0 15.6 29.2 14.0 3.5 2 1 4 4 4
-3112.5 832.4 -12.1 180 0 22.1 12.6 14.0 3.5 2 0 4 3 3
-5041.7 26.7 -12.2 85 0 17.6 32.5 7.5 2.5 2 1 3 2 2
