-6304.5 -1740.5 1.1 90 0 11.9 17.8 5.0 2.5 2 1 2 0 0
-6339.8 -1706.6 0.9 268 0 15.7 18.9 5.0 2.5 2 1 2 0 0
-6767.3 -2815.9 1.3 72 0 24.5 48.2 5.0 2.5 2 0 2 2 2
-6744.9 -2808.2 1.3 70 0 21.0 55.2 10.0 2.5 2 0 4 2 2
-6382.2 -1724.4 0.0 91 0 11.1 20.5 5.0 2.5 2 1 2 1 1
-6357.9 -1798.9 1.2 269 0 18.0 15.1 2.5 2.5 2 0 1 0 0
-6737.7 -2878.8 0.9 89 0 17.8 18.1 10.0 2.5 2 0 4 1 1
-5968.8 -2805.3 4.0 108 0 15.0 22.8 7.5 2.5 2 1 3 4 4
-6556.0 -1983.1 -0.6 271 0 4.4 7.5 2.5 0.0 0 1 1 0 0
6801.5 5829.6 -4.3 295 0 14.0 24.9 10.0 2.5 2 1 4 0 0
6813.6 5800.2 -3.9 18 0 23.0 10.2 5.0 2.5 2 0 2 5 5
6855.0 5596.8 -3.2 35 0 6.2 6.8 5.0 2.5 2 1 2 3 3
6854.2 5577.4 -3.1 215 0 10.9 24.6 7.5 2.5 2 1 3 0 0
6777.3 5586.3 -3.9 128 0 19.8 33.4 7.5 0.0 0 1 3 4 4
6836.8 5583.0 -3.4 35 0 11.0 8.1 5.0 2.5 2 0 2 1 1
4811.7 6726.6 -14.8 11 0 32.7 50.6 7.5 0.0 0 1 3 1 1
4770.4 6778.9 -14.7 191 0 36.1 49.2 10.0 0.0 0 1 4 5 5
6668.0 6157.1 -11.7 108 0 148.3 259.8 17.5 0.0 0 1 7 3 3
-6325.8 -2644.0 4.4 71 0 8.0 35.4 5.0 0.0 0 1 2 4 4
-5270.2 -2830.9 6.7 184 0 5.2 13.8 5.0 0.0 0 1 2 1 1
