1944.4 826.8 -0.9 270 0 4.3 7.8 7.5 2.5 2 1 3 0 0
1858.1 862.4 -0.5 271 0 6.2 11.0 7.5 2.5 2 1 3 5 5
1850.7 861.7 -0.5 271 0 4.8 10.7 5.0 2.5 2 1 2 5 5
1859.1 872.5 -0.4 270 0 5.1 9.4 2.5 0.0 0 1 1 0 0
1870.5 893.9 -0.4 90 0 10.5 7.6 5.0 2.5 4 0 2 5 5
1844.6 902.6 -0.2 92 0 8.5 11.3 7.5 2.5 2 1 3 4 4
1834.9 861.0 -0.4 270 0 6.3 9.6 7.5 2.5 2 1 3 2 2
1812.5 850.4 -0.3 89 0 5.8 9.9 5.0 2.5 2 1 2 5 5
1784.3 858.8 -0.2 181 0 9.5 6.9 7.5 2.5 4 0 3 2 2
1780.3 846.3 -0.2 182 0 10.6 6.8 7.5 2.5 4 0 3 0 0
1789.7 780.8 -0.5 178 0 8.1 6.6 2.5 2.5 2 0 1 2 2
1773.5 893.4 -0.0 262 0 7.3 8.0 5.0 2.5 2 1 2 3 3
1710.6 911.7 0.3 267 0 5.9 7.1 7.5 2.5 2 1 3 1 1
