-846.1 -4957.0 36.3 8 0 48.6 25.3 5.0 0.0 0 0 2 0 0
-3398.9 3911.5 -40.4 86 0 23.9 30.8 17.5 0.0 0 1 5 1 1
-3147.0 3738.4 -37.6 102 0 19.2 22.5 17.5 0.0 0 1 5 4 4
-1201.3 3451.5 -18.6 278 0 4.5 10.4 10.5 3.5 2 1 3 1 1
-1258.3 3683.1 -16.6 287 0 9.4 14.9 10.5 3.5 2 1 3 0 0
-1260.1 3819.9 -17.0 180 0 7.6 9.7 10.5 3.5 2 1 3 4 4
-1130.1 3538.3 -18.9 290 0 6.8 15.5 10.5 3.5 2 1 3 3 3
-1386.6 3595.0 -20.3 182 0 7.4 10.1 10.5 3.5 2 1 3 0 0
-1314.0 3596.2 -17.9 187 0 7.0 9.8 10.5 3.5 2 1 3 2 2
-1616.0 3769.5 -29.1 11 0 7.7 16.4 10.5 3.5 2 1 3 4 4
-1237.9 3690.6 -15.8 109 0 6.3 9.5 10.5 3.5 2 1 3 1 1
-1222.5 3509.2 -17.5 276 0 5.8 11.9 10.5 3.5 4 1 3 1 1
-1115.8 3676.1 -17.4 96 0 9.1 14.2 10.5 3.5 2 1 3 2 2
-1124.6 3724.7 -17.1 107 0 8.6 6.7 10.5 3.5 2 0 3 5 5
-1422.2 3657.3 -21.8 270 0 9.4 3.8 10.5 0.0 0 0 3 1 1
-1178.8 3623.7 -17.2 0 0 11.6 10.3 14.0 3.5 2 0 4 2 2
-1118.3 3478.1 -19.2 19 0 7.5 10.9 10.5 3.5 2 1 3 0 0
-1136.7 3706.9 -17.3 93 0 7.5 10.8 10.5 3.5 2 1 3 0 0
-1151.9 3736.5 -16.7 93 0 8.0 5.9 10.5 3.5 2 0 3 1 1
-1155.9 3677.4 -17.3 92 0 9.6 6.3 10.5 3.5 4 0 3 4 4
-1646.4 3806.0 -29.8 340 0 8.0 3.8 10.5 3.5 4 0 3 5 5
-1217.0 3713.3 -15.5 105 0 11.4 19.0 14.0 3.5 2 1 4 1 1
-1209.2 3700.0 -15.8 96 0 6.5 10.6 10.5 3.5 2 1 3 0 0
-1130.7 3706.5 -17.3 181 0 8.1 8.5 10.5 3.5 2 1 3 4 4
-1519.7 3833.4 -25.9 21 0 8.9 7.4 10.5 3.5 2 0 3 2 2
-1377.9 3662.7 -20.5 279 0 11.3 25.1 14.0 3.5 2 1 4 0 0
-1298.6 3469.3 -16.9 93 0 4.6 11.6 10.5 3.5 2 1 3 2 2
-1210.2 3457.9 -18.2 102 0 5.1 22.3 10.5 3.5 4 1 3 5 5
-1520.2 3726.6 -25.4 11 0 15.5 5.7 10.5 3.5 2 0 3 5 5
-1391.5 3576.2 -20.4 182 0 8.6 12.8 10.5 3.5 2 1 3 3 3
-1468.3 3643.3 -23.2 189 0 7.6 16.6 10.5 3.5 2 1 3 4 4
-1447.9 3684.0 -23.1 4 0 5.8 13.7 10.5 3.5 2 1 3 0 0
-1299.1 3604.9 -17.4 181 0 8.4 12.5 10.5 3.5 4 1 3 2 2
-1420.2 3598.5 -21.6 91 0 10.7 11.5 14.0 3.5 2 1 4 2 2
-1329.4 3550.2 -18.3 276 0 5.8 24.5 10.5 0.0 0 1 3 2 2
-1191.5 3688.0 -16.2 89 0 5.0 9.8 10.5 0.0 0 1 3 1 1
-1191.4 3870.2 -15.1 279 0 10.0 12.2 14.0 3.5 2 1 4 1 1
-1293.4 3643.2 -17.4 195 0 17.4 5.9 10.5 3.5 2 0 3 5 5
-1144.0 3688.6 -17.4 1 0 7.3 10.6 10.5 3.5 2 1 3 3 3
-1211.7 3686.9 -15.8 97 0 7.2 10.0 10.5 0.0 0 1 3 5 5
-1176.5 3474.4 -19.0 192 0 11.1 5.4 10.5 3.5 2 0 3 3 3
-1093.2 3733.2 -16.8 10 0 5.3 9.6 10.5 3.5 2 1 3 5 5
-1313.7 3613.9 -17.9 184 0 4.8 13.4 10.5 3.5 2 1 3 2 2
-1455.4 3601.8 -22.7 95 0 6.7 16.7 10.5 0.0 0 1 3 1 1
-1626.5 3726.0 -27.9 1 0 5.2 12.8 10.5 3.5 2 1 3 5 5
-1371.4 3526.4 -19.7 97 0 10.7 21.0 14.0 3.5 4 1 4 4 4
-1303.7 3575.8 -17.4 190 0 4.3 13.7 10.5 3.5 2 1 3 5 5
-1262.5 3501.6 -16.9 276 0 9.6 19.7 10.5 3.5 2 1 3 4 4
-1273.9 3727.7 -17.2 104 0 10.7 6.8 10.5 3.5 2 0 3 2 2
-1640.6 3763.5 -29.3 14 0 6.7 10.3 10.5 3.5 2 1 3 1 1
-1185.5 3666.1 -16.6 0 0 10.9 4.5 10.5 3.5 2 0 3 5 5
-1246.1 3497.4 -17.1 273 0 7.2 10.1 10.5 3.5 2 1 3 4 4
-1388.9 3587.8 -20.3 182 0 6.0 12.2 10.5 0.0 0 1 3 1 1
-1119.2 3697.7 -17.3 179 0 8.1 5.3 10.5 3.5 2 0 3 3 3
-1116.1 3783.9 -16.5 276 0 7.3 4.9 10.5 3.5 2 0 3 2 2
-1214.6 3508.9 -17.6 278 0 5.4 11.1 10.5 3.5 2 1 3 5 5
-1170.0 3455.6 -19.3 108 0 4.2 9.8 10.5 3.5 2 1 3 5 5
-1282.2 3699.7 -17.4 106 0 11.2 9.2 10.5 3.5 4 0 3 2 2
-1113.2 3760.1 -16.7 287 0 8.9 3.8 10.5 3.5 2 0 3 1 1
-1162.9 3765.2 -16.2 271 0 6.3 8.5 10.5 3.5 2 1 3 1 1
-1140.5 3692.9 -17.4 180 0 6.5 12.4 10.5 3.5 2 1 3 5 5
-1624.6 3796.8 -29.1 292 0 5.0 10.2 10.5 3.5 4 1 3 0 0
-1450.4 3647.9 -23.1 7 0 4.5 15.4 10.5 3.5 2 1 3 5 5
-1380.8 3666.2 -20.4 100 0 5.9 11.9 10.5 3.5 2 1 3 4 4
-1125.5 3670.0 -17.6 90 0 7.8 6.5 10.5 3.5 2 0 3 3 3
-1304.8 3469.1 -17.1 94 0 4.4 11.2 10.5 0.0 0 1 3 4 4
-1254.5 3586.3 -16.0 104 0 5.7 8.8 10.5 0.0 0 1 3 0 0
-1447.3 3690.2 -23.1 5 0 4.4 13.3 10.5 3.5 2 1 3 1 1
-1216.1 3676.1 -16.0 269 0 7.4 13.6 10.5 3.5 2 1 3 4 4
-1443.7 3637.3 -22.3 187 0 7.0 6.5 10.5 3.5 2 0 3 2 2
-1154.3 3727.1 -16.7 103 0 6.1 6.3 10.5 3.5 2 1 3 4 4
-1221.9 3690.7 -15.6 97 0 9.3 13.2 10.5 3.5 2 1 3 1 1
-1400.1 3669.2 -21.1 101 0 8.1 20.7 10.5 3.5 2 1 3 5 5
-1275.1 3482.6 -16.6 92 0 5.5 16.1 10.5 3.5 2 1 3 4 4
-1112.1 3709.3 -17.1 188 0 15.0 7.1 10.5 0.0 0 0 3 0 0
-1312.4 3605.7 -17.8 186 0 9.6 10.1 10.5 3.5 2 1 3 3 3
-1463.7 3603.8 -23.0 95 0 6.9 14.9 10.5 3.5 2 1 3 1 1
-1303.1 3581.9 -17.4 190 0 5.3 12.9 10.5 0.0 0 1 3 2 2
-1255.5 3478.8 -17.0 94 0 4.7 8.0 10.5 3.5 2 1 3 5 5
-1057.7 4079.8 -13.5 283 0 4.7 10.7 5.0 2.5 2 1 2 0 0
-1169.1 3586.1 -18.2 180 0 10.9 13.6 14.0 3.5 2 1 4 1 1
-1576.4 3841.8 -27.6 203 0 18.6 9.4 10.5 3.5 4 0 3 2 2
-1179.8 3451.5 -19.1 103 0 7.8 10.4 10.5 3.5 2 1 3 2 2
-1283.5 3466.5 -16.7 95 0 13.2 13.3 14.0 3.5 2 1 4 1 1
-1117.4 3746.9 -16.8 109 0 6.5 7.1 10.5 3.5 4 1 3 5 5
-1170.3 3610.2 -17.8 180 0 9.9 9.4 10.5 3.5 2 0 3 0 0
-1106.8 3638.8 -17.7 288 0 8.9 6.4 10.5 3.5 2 0 3 5 5
-1273.2 3748.9 -17.1 202 0 6.5 9.5 10.5 3.5 2 1 3 5 5
-1138.1 3681.7 -17.6 179 0 9.5 7.5 10.5 0.0 0 0 3 5 5
-1112.8 3499.0 -19.0 18 0 16.2 9.2 10.5 0.0 0 0 3 5 5
-1544.7 3798.4 -26.4 115 0 7.8 9.6 10.5 3.5 2 1 3 2 2
-1223.3 3461.0 -17.8 98 0 4.3 18.0 10.5 3.5 2 1 3 3 3
-1143.2 3791.3 -16.4 272 0 8.4 5.0 10.5 3.5 2 0 3 0 0
-1444.9 3601.7 -22.4 93 0 8.8 12.1 10.5 3.5 2 1 3 2 2
-1389.4 3605.6 -20.4 183 0 10.4 13.1 14.0 3.5 2 1 4 1 1
-1374.7 3573.3 -19.8 183 0 48.4 14.4 14.0 3.5 2 0 4 1 1
-1120.0 3708.0 -17.2 181 0 9.1 6.1 10.5 3.5 2 0 3 5 5
-1408.1 3637.0 -21.4 4 0 9.3 6.5 10.5 3.5 2 0 3 0 0
-1279.3 3606.0 -16.7 182 0 5.8 13.6 10.5 3.5 2 1 3 2 2
-1115.7 3525.9 -18.8 17 0 16.6 10.9 14.0 3.5 2 0 4 2 2
-1442.8 3643.9 -22.3 183 0 3.8 7.9 10.5 3.5 2 1 3 0 0
-1622.3 3756.8 -29.0 12 0 5.1 11.3 10.5 3.5 2 1 3 5 5
-1225.6 3490.4 -17.6 277 0 6.1 5.6 10.5 3.5 2 0 3 0 0
-1283.7 3501.0 -16.6 275 0 6.9 12.3 10.5 3.5 2 1 3 0 0
-1136.1 3467.5 -19.5 21 0 12.0 8.9 10.5 3.5 2 0 3 3 3
-1167.3 3679.2 -16.9 89 0 4.7 6.9 10.5 3.5 2 1 3 3 3
-1157.1 3775.4 -16.2 270 0 3.8 9.1 10.5 0.0 0 1 3 5 5
-1304.1 3670.9 -17.8 196 0 9.2 4.7 10.5 3.5 2 0 3 3 3
-1216.5 3461.0 -18.0 100 0 5.1 20.3 10.5 3.5 2 1 3 1 1
-1562.6 3834.8 -27.1 204 0 19.0 11.8 14.0 3.5 2 0 4 3 3
-1178.8 3610.2 -17.4 360 0 12.1 9.7 10.5 3.5 2 0 3 3 3
-1202.0 3494.7 -18.0 4 0 8.3 4.1 10.5 3.5 2 0 3 3 3
-1338.6 3526.6 -18.5 86 0 6.6 4.8 10.5 3.5 2 0 3 2 2
-1127.0 3693.4 -17.4 182 0 7.1 5.6 10.5 0.0 0 0 3 4 4
-1278.2 3621.8 -16.8 184 0 11.9 9.7 10.5 3.5 2 0 3 3 3
-1142.9 3674.7 -17.6 359 0 7.3 5.8 10.5 3.5 2 0 3 0 0
-1166.2 3636.8 -17.7 180 0 6.1 11.8 10.5 3.5 2 1 3 3 3
-1474.9 3678.4 -23.7 92 0 9.9 3.7 10.5 3.5 2 0 3 4 4
-1319.0 3629.8 -18.4 5 0 6.3 8.3 10.5 3.5 2 1 3 5 5
-1201.8 3458.8 -18.4 77 0 4.9 13.5 10.5 3.5 2 1 3 5 5
-1393.5 3544.0 -20.3 183 0 29.7 15.4 14.0 0.0 0 0 4 1 1
-1267.1 3467.3 -16.9 97 0 9.4 11.8 10.5 3.5 2 1 3 1 1
-1348.1 3525.0 -18.8 97 0 6.6 26.8 10.5 3.5 2 1 3 3 3
-1479.5 3687.0 -23.7 184 0 5.0 15.2 10.5 3.5 2 1 3 0 0
-1622.5 3750.4 -28.7 9 0 5.6 11.9 10.5 3.5 2 1 3 0 0
-1182.1 3733.6 -16.1 91 0 15.5 10.9 14.0 3.5 4 0 4 2 2
-1231.3 3460.3 -17.7 105 0 6.7 7.2 10.5 3.5 2 1 3 0 0
-1440.7 3685.7 -22.4 184 0 12.6 15.1 14.0 3.5 2 1 4 2 2
-1063.5 4052.2 -13.9 14 0 28.6 15.3 7.5 2.5 2 0 3 2 2
-1102.4 4047.0 -14.1 103 0 15.6 26.2 10.0 0.0 0 1 4 0 0
-1204.5 3678.6 -16.3 270 0 9.5 16.8 10.5 3.5 4 1 3 0 0
-1248.2 3681.4 -16.2 288 0 9.7 16.5 10.5 3.5 2 1 3 2 2
-1421.0 3648.3 -21.8 274 0 10.2 5.4 10.5 0.0 0 0 3 1 1
-1669.4 3586.7 -23.0 268 0 9.0 9.9 10.5 3.5 2 1 3 3 3
-1279.1 3523.7 -16.5 93 0 5.1 19.8 10.5 3.5 2 1 3 1 1
-1696.6 3672.1 -26.0 66 0 21.5 9.9 10.5 3.5 2 0 3 5 5
-1665.9 3722.2 -28.0 89 0 5.7 11.2 10.5 3.5 2 1 3 0 0
-1559.5 3334.7 -18.2 275 0 8.0 24.4 10.5 3.5 2 1 3 4 4
-1554.8 3339.0 -18.2 91 0 3.8 15.8 10.5 3.5 2 1 3 0 0
-1702.8 3354.7 -21.4 92 0 5.6 16.4 10.5 3.5 2 1 3 2 2
-1637.5 3309.7 -20.3 94 0 7.2 16.6 10.5 3.5 2 1 3 4 4
-1628.1 3511.8 -21.2 94 0 5.5 12.1 10.5 3.5 2 1 3 4 4
-1581.6 3698.5 -27.1 188 0 15.8 12.6 10.5 3.5 4 0 3 3 3
-1605.3 3381.4 -20.0 93 0 3.9 9.4 10.5 3.5 2 1 3 5 5
-1374.4 3514.5 -19.6 272 0 3.9 14.2 10.5 3.5 2 1 3 0 0
-1573.1 3301.0 -18.2 97 0 4.2 10.4 10.5 3.5 2 1 3 3 3
-1605.8 3614.6 -24.3 12 0 4.1 16.3 10.5 3.5 2 1 3 5 5
-1580.7 3682.2 -26.4 187 0 14.0 7.7 10.5 3.5 4 0 3 1 1
-1595.4 3335.3 -19.2 274 0 7.7 18.0 10.5 3.5 2 1 3 4 4
-1449.5 3587.6 -22.4 274 0 4.7 11.5 10.5 3.5 2 1 3 3 3
-1692.7 3526.1 -21.1 353 0 8.8 22.3 10.5 3.5 2 1 3 1 1
-1602.3 3587.9 -23.3 190 0 4.1 8.7 10.5 3.5 4 1 3 0 0
-1493.0 3255.3 -16.4 93 0 5.1 12.7 10.5 3.5 2 1 3 0 0
-1473.8 3646.0 -23.9 10 0 12.7 14.9 14.0 3.5 2 1 4 2 2
-1717.3 3303.2 -22.1 184 0 7.3 17.7 10.5 3.5 2 1 3 1 1
-1354.7 3518.6 -19.1 273 0 10.2 13.6 14.0 0.0 0 1 4 1 1
-1615.4 3473.3 -20.0 98 0 4.4 13.4 10.5 3.5 2 1 3 3 3
-1445.2 3492.3 -19.6 185 0 9.1 4.6 10.5 0.0 0 0 3 5 5
-1608.6 3510.9 -21.0 88 0 11.9 8.6 10.5 3.5 2 0 3 4 4
-1715.5 3323.0 -21.8 92 0 5.6 10.6 10.5 3.5 2 1 3 5 5
-1552.8 3718.6 -26.4 277 0 7.8 15.1 10.5 3.5 2 1 3 5 5
-1582.5 3554.4 -22.4 3 0 17.5 8.0 10.5 3.5 2 0 3 4 4
-1443.5 3208.2 -16.0 93 0 9.3 39.2 10.5 3.5 2 1 3 2 2
-1560.9 3502.9 -21.4 95 0 10.8 31.0 10.5 3.5 2 1 3 5 5
-1609.9 3674.5 -26.1 189 0 5.3 15.0 10.5 3.5 2 1 3 2 2
-1302.2 3509.7 -17.2 273 0 5.7 16.5 10.5 3.5 2 1 3 2 2
-1654.8 3440.2 -20.2 12 0 4.3 29.0 10.5 3.5 2 1 3 1 1
-1580.7 3592.5 -23.6 3 0 12.1 9.9 10.5 3.5 2 0 3 0 0
-1550.5 3701.2 -26.2 274 0 3.6 15.1 10.5 3.5 2 1 3 0 0
-1675.3 3312.2 -21.4 96 0 9.3 6.6 10.5 0.0 0 0 3 3 3
-1464.0 3435.1 -17.9 187 0 9.2 3.6 10.5 3.5 2 0 3 4 4
-1639.1 3259.8 -19.8 101 0 14.0 7.7 10.5 3.5 2 0 3 4 4
-1645.3 3341.7 -20.7 272 0 3.6 15.4 10.5 3.5 2 1 3 3 3
-1628.1 3631.4 -24.8 1 0 4.6 8.2 10.5 3.5 2 1 3 1 1
-1647.6 3348.1 -20.8 92 0 3.2 15.9 10.5 3.5 2 1 3 0 0
-1629.3 3547.4 -22.5 94 0 6.1 17.2 10.5 3.5 2 1 3 2 2
-1477.9 3586.5 -23.1 4 0 9.4 8.9 10.5 3.5 2 0 3 0 0
-1628.8 3386.9 -20.4 95 0 8.0 11.2 10.5 3.5 2 1 3 3 3
-1663.3 3767.5 -29.3 181 0 4.7 10.6 10.5 3.5 2 1 3 0 0
-1543.5 3500.8 -20.8 95 0 9.4 16.7 10.5 3.5 2 1 3 2 2
-1715.5 3396.2 -21.1 272 0 4.6 12.7 10.5 3.5 2 1 3 5 5
-1672.1 3346.0 -21.3 272 0 6.3 9.9 10.5 3.5 2 1 3 5 5
-1686.8 3228.9 -20.7 181 0 6.0 8.7 10.5 3.5 2 1 3 4 4
-1675.1 3604.3 -24.3 93 0 12.2 21.3 14.0 3.5 2 1 4 3 3
-1492.7 3475.9 -19.2 271 0 5.9 11.2 10.5 3.5 2 1 3 1 1
-1696.1 3366.9 -21.2 93 0 3.5 12.9 10.5 3.5 2 1 3 0 0
-1579.3 3342.0 -18.9 96 0 3.8 14.0 10.5 3.5 4 1 3 0 0
-1641.9 3440.0 -20.2 185 0 3.4 13.4 10.5 3.5 4 1 3 1 1
-1562.0 3262.6 -17.6 13 0 8.8 8.5 10.5 3.5 2 0 3 1 1
-1431.0 3487.8 -19.8 99 0 3.4 14.9 10.5 0.0 0 1 3 5 5
-1415.2 3531.5 -21.2 90 0 9.8 24.3 10.5 3.5 4 1 3 2 2
-1629.9 3304.2 -19.9 277 0 5.0 18.7 10.5 3.5 2 1 3 0 0
-1662.5 3389.8 -20.9 276 0 9.1 12.5 10.5 3.5 2 1 3 3 3
-1612.8 3555.7 -22.5 6 0 19.0 10.9 14.0 0.0 0 0 4 0 0
-1715.9 3703.5 -26.0 244 0 8.9 19.2 10.5 3.5 2 1 3 2 2
-1297.2 3525.5 -17.1 96 0 5.9 9.1 10.5 3.5 2 1 3 3 3
-1486.7 3604.4 -23.6 360 0 4.2 15.6 10.5 3.5 2 1 3 3 3
-1442.3 3446.0 -18.2 102 0 5.1 6.7 10.5 3.5 2 1 3 3 3
-1609.6 3600.3 -23.8 6 0 5.0 12.5 10.5 3.5 2 1 3 5 5
-1551.9 3492.3 -20.0 274 0 7.1 12.5 10.5 0.0 0 1 3 2 2
-1637.1 3536.2 -21.6 274 0 8.2 13.8 10.5 3.5 2 1 3 0 0
-1532.9 3587.3 -23.2 4 0 6.1 21.6 10.5 3.5 2 1 3 5 5
-1660.4 3356.4 -21.0 2 0 5.8 6.0 10.5 3.5 2 1 3 4 4
-1466.0 3325.3 -16.8 2 0 16.6 7.4 10.5 3.5 2 0 3 3 3
-1608.5 3328.3 -19.5 273 0 7.0 8.3 10.5 3.5 2 1 3 1 1
-1715.8 3250.6 -22.0 95 0 6.2 14.7 10.5 3.5 2 1 3 2 2
-1412.9 3583.8 -21.2 275 0 5.4 13.5 10.5 3.5 2 1 3 3 3
-1611.4 3393.8 -20.1 91 0 3.0 11.1 10.5 3.5 2 1 3 2 2
-1634.3 3344.9 -20.5 91 0 4.2 12.6 10.5 0.0 0 1 3 1 1
-1512.0 3391.5 -17.9 186 0 6.6 4.7 10.5 3.5 2 0 3 3 3
-1528.3 3518.6 -20.8 186 0 7.3 5.1 10.5 3.5 2 0 3 0 0
-1395.7 3476.0 -19.0 269 0 10.4 11.0 14.0 3.5 2 1 4 2 2
-1530.7 3611.8 -24.0 6 0 6.6 31.9 10.5 3.5 2 1 3 3 3
-1668.7 3323.2 -21.4 5 0 5.7 9.6 10.5 3.5 2 1 3 3 3
-1572.0 3496.0 -20.2 277 0 4.4 21.2 10.5 3.5 2 1 3 2 2
-1489.6 3667.0 -24.2 3 0 11.0 7.4 10.5 3.5 2 0 3 1 1
-1337.4 3445.0 -18.2 8 0 4.5 13.5 10.5 3.5 2 1 3 2 2
-1689.2 3618.9 -24.2 89 0 7.8 10.6 10.5 3.5 2 1 3 4 4
-1535.3 3675.2 -25.7 5 0 7.7 5.1 10.5 3.5 2 0 3 0 0
-1522.1 3590.0 -23.1 183 0 7.3 32.8 10.5 3.5 2 1 3 1 1
-1502.7 3346.0 -17.4 176 0 18.1 26.5 14.0 3.5 2 1 4 5 5
-1640.5 3269.6 -19.9 98 0 7.4 5.6 10.5 3.5 2 0 3 5 5
-1520.9 3632.7 -24.6 180 0 5.6 8.0 10.5 3.5 2 1 3 0 0
-1593.4 3659.3 -25.7 7 0 8.9 9.0 10.5 3.5 2 1 3 0 0
-1630.4 3620.4 -24.4 4 0 3.9 9.6 10.5 3.5 2 1 3 5 5
-1330.8 3504.6 -18.4 7 0 17.0 9.5 10.5 0.0 0 0 3 2 2
-1654.2 3374.2 -20.8 184 0 13.3 6.8 10.5 3.5 2 0 3 4 4
-1468.0 3223.6 -16.4 92 0 7.4 37.7 10.5 3.5 2 1 3 3 3
-1469.1 3538.0 -21.3 94 0 5.2 5.9 10.5 3.5 2 1 3 4 4
-1594.7 3627.1 -24.6 195 0 4.7 19.5 10.5 3.5 2 1 3 1 1
-1649.4 3417.2 -20.5 178 0 5.9 12.4 10.5 3.5 2 1 3 4 4
-1568.5 3225.5 -17.5 3 0 6.8 9.8 10.5 3.5 2 1 3 0 0
-1522.2 3498.8 -20.4 96 0 3.6 9.3 10.5 3.5 2 1 3 3 3
-1478.7 3575.5 -22.6 4 0 8.6 9.0 10.5 3.5 2 1 3 4 4
-1577.8 3256.1 -18.0 100 0 8.5 13.4 10.5 3.5 4 1 3 3 3
-1581.8 3243.9 -17.8 272 0 4.4 13.8 10.5 3.5 2 1 3 4 4
-1717.3 3648.8 -24.5 245 0 8.4 11.5 10.5 3.5 2 1 3 5 5
-1547.9 3677.3 -26.0 5 0 10.7 3.1 10.5 3.5 2 0 3 3 3
-1598.7 3256.2 -18.6 93 0 6.1 15.5 10.5 3.5 2 1 3 4 4
-1522.8 3602.7 -23.5 180 0 4.9 17.1 10.5 3.5 2 1 3 1 1
-1696.0 3480.5 -20.3 75 0 5.2 13.2 10.5 3.5 2 1 3 3 3
-1694.8 3397.8 -20.9 94 0 4.5 10.3 10.5 3.5 2 1 3 2 2
-1636.6 3548.4 -22.4 96 0 5.9 12.2 10.5 3.5 2 1 3 0 0
-1634.5 3591.7 -23.5 181 0 3.6 9.4 10.5 3.5 2 1 3 3 3
-1681.8 3499.0 -20.4 352 0 3.9 8.3 10.5 0.0 0 1 3 5 5
-1534.2 3575.0 -22.7 3 0 3.9 19.3 10.5 3.5 2 1 3 0 0
-1696.2 3249.6 -21.3 94 0 5.3 12.9 10.5 3.5 2 1 3 4 4
-1621.0 3294.6 -19.6 274 0 8.5 3.8 10.5 3.5 2 0 3 4 4
-1572.7 3555.9 -22.3 184 0 7.8 12.3 10.5 0.0 0 1 3 4 4
-1646.2 3538.1 -21.6 278 0 8.1 9.1 10.5 3.5 2 1 3 4 4
-1565.7 3241.7 -17.3 274 0 5.5 9.5 10.5 3.5 2 1 3 5 5
-1488.9 3320.6 -17.0 183 0 31.9 10.7 14.0 3.5 2 0 4 4 4
-1607.5 3338.1 -19.6 271 0 6.9 7.6 10.5 3.5 4 1 3 1 1
-1429.9 3591.0 -21.8 273 0 5.3 7.9 10.5 3.5 2 1 3 0 0
-1330.7 3453.0 -17.8 188 0 9.6 10.7 10.5 3.5 2 1 3 3 3
-1594.7 3469.5 -20.0 96 0 6.0 20.4 10.5 3.5 4 1 3 1 1
-1541.1 3259.9 -16.9 183 0 12.5 13.0 14.0 3.5 2 1 4 1 1
-1288.2 3461.6 -16.6 277 0 4.7 14.6 10.5 3.5 2 1 3 1 1
-1582.6 3503.6 -21.5 97 0 7.3 33.8 10.5 3.5 4 1 3 1 1
-1536.2 3396.0 -18.2 180 0 14.1 22.0 14.0 0.0 0 1 4 1 1
-1699.5 3345.9 -21.7 273 0 5.2 17.8 10.5 3.5 2 1 3 0 0
-1473.8 3405.9 -17.6 279 0 10.3 17.6 14.0 0.0 0 1 4 3 3
-1534.2 3569.9 -22.6 3 0 4.2 19.7 10.5 3.5 4 1 3 0 0
-1371.9 3478.9 -19.6 93 0 14.4 17.3 14.0 3.5 2 1 4 5 5
-1379.4 3474.0 -19.0 268 0 3.5 8.8 10.5 3.5 2 1 3 3 3
-1626.6 3539.9 -21.7 270 0 4.9 14.3 10.5 3.5 2 1 3 1 1
-1612.5 3382.6 -20.2 94 0 3.6 8.6 10.5 3.5 2 1 3 5 5
-1536.4 3544.5 -21.9 4 0 8.3 19.6 10.5 0.0 0 1 3 1 1
-1539.3 3488.5 -20.0 3 0 6.2 6.9 10.5 3.5 2 1 3 4 4
-1573.6 3600.7 -23.7 183 0 10.6 24.7 10.5 3.5 2 1 3 2 2
-1443.7 3319.4 -16.7 0 0 33.0 14.4 14.0 3.5 2 0 4 2 2
-1439.0 3588.7 -22.1 271 0 7.6 13.1 10.5 0.0 0 1 3 5 5
-1720.6 3382.8 -21.2 275 0 5.0 8.7 10.5 3.5 2 1 3 0 0
-1592.7 3666.6 -25.9 8 0 3.1 17.4 10.5 3.5 2 1 3 0 0
-1515.4 3238.1 -16.5 93 0 12.0 5.8 10.5 3.5 4 0 3 3 3
-1593.5 3415.9 -19.7 105 0 6.9 4.3 10.5 3.5 2 0 3 4 4
-1530.0 3638.6 -24.8 4 0 4.4 13.4 10.5 3.5 2 1 3 3 3
-1677.4 3691.0 -26.7 90 0 4.0 8.8 10.5 3.5 2 1 3 4 4
-1665.0 3343.8 -21.2 276 0 6.4 15.8 10.5 3.5 2 1 3 2 2
-1592.3 3244.7 -18.2 277 0 6.1 12.6 10.5 3.5 2 1 3 2 2
-1286.3 3524.8 -16.7 96 0 5.8 11.4 10.5 3.5 2 1 3 4 4
-1649.3 3408.3 -20.5 175 0 5.7 10.4 10.5 3.5 2 1 3 3 3
-1545.9 3699.8 -26.0 277 0 3.8 13.9 10.5 3.5 2 1 3 0 0
-1698.6 3394.6 -21.1 274 0 5.3 13.4 10.5 3.5 2 1 3 5 5
-1651.0 3709.7 -27.3 269 0 7.3 5.5 10.5 3.5 2 0 3 4 4
-1614.5 3249.1 -18.9 270 0 6.1 6.3 10.5 3.5 2 1 3 4 4
-1590.9 3646.4 -25.1 190 0 3.2 10.2 10.5 3.5 2 1 3 4 4
-1252.3 3521.7 -16.7 92 0 7.8 22.2 10.5 3.5 2 1 3 3 3
-1570.7 3618.1 -24.1 275 0 5.2 6.8 10.5 3.5 2 1 3 0 0
-1485.6 3535.1 -22.2 94 0 9.9 34.7 10.5 3.5 2 1 3 3 3
-1439.3 3255.2 -16.1 2 0 9.9 6.5 10.5 3.5 2 0 3 1 1
-1305.7 3559.1 -17.4 181 0 11.5 15.9 14.0 3.5 2 1 4 1 1
-1599.5 3639.6 -25.1 10 0 8.4 11.0 10.5 3.5 2 1 3 4 4
-1639.7 3604.2 -24.2 83 0 5.5 10.6 10.5 3.5 4 1 3 4 4
-1572.8 3341.6 -18.7 93 0 6.3 14.2 10.5 3.5 2 1 3 4 4
-1469.8 3526.0 -20.6 277 0 5.5 15.1 10.5 3.5 2 1 3 0 0
-1689.8 3516.4 -20.9 353 0 9.5 14.1 10.5 3.5 2 1 3 0 0
-1648.1 3424.9 -20.4 180 0 5.4 11.9 10.5 3.5 2 1 3 4 4
-1512.3 3485.4 -19.6 273 0 5.6 26.2 10.5 3.5 4 1 3 0 0
-1582.3 3295.3 -18.4 271 0 4.7 10.4 10.5 3.5 2 1 3 2 2
-1571.6 3575.5 -22.9 182 0 8.4 14.7 10.5 3.5 2 1 3 4 4
-1663.4 3691.3 -27.0 90 0 3.3 10.6 10.5 3.5 2 1 3 2 2
-1595.8 3679.7 -26.3 7 0 5.7 5.6 10.5 0.0 0 0 3 3 3
-1650.2 3341.2 -20.8 272 0 3.8 16.2 10.5 3.5 2 1 3 2 2
-1639.1 3278.9 -20.0 91 0 7.3 6.6 10.5 3.5 2 0 3 3 3
-1560.2 3367.6 -18.5 274 0 3.6 13.4 10.5 3.5 2 1 3 5 5
-1299.0 3463.6 -17.1 275 0 14.3 22.1 14.0 3.5 2 1 4 3 3
-1347.9 3470.5 -18.6 279 0 8.8 20.1 10.5 0.0 0 1 3 4 4
-1602.0 3304.3 -19.1 97 0 3.8 11.8 10.5 3.5 2 1 3 4 4
-1591.2 3727.2 -27.7 277 0 8.3 19.3 10.5 3.5 2 1 3 3 3
-1438.1 3532.9 -21.8 93 0 9.4 21.1 10.5 3.5 2 1 3 0 0
-1573.6 3590.3 -23.3 182 0 5.0 17.3 10.5 3.5 2 1 3 1 1
-1692.8 3499.1 -20.6 75 0 5.0 7.2 10.5 3.5 2 1 3 2 2
-1543.5 3459.9 -19.1 5 0 6.0 14.1 10.5 3.5 4 1 3 3 3
-1463.4 3595.2 -22.9 270 0 6.2 5.2 10.5 3.5 2 0 3 1 1
-1620.4 3535.4 -21.5 271 0 4.1 8.4 10.5 3.5 2 1 3 4 4
-1622.1 3628.4 -24.7 191 0 5.1 19.3 10.5 3.5 2 1 3 4 4
-1550.4 3652.8 -25.2 7 0 4.5 13.0 10.5 3.5 2 1 3 5 5
-1699.7 3459.5 -20.3 271 0 4.2 10.3 10.5 3.5 2 1 3 5 5
-1532.1 3690.7 -25.6 4 0 13.6 4.3 10.5 3.5 2 0 3 3 3
-1431.6 3580.1 -21.8 267 0 4.7 7.2 10.5 3.5 2 1 3 0 0
-1446.2 3427.5 -17.8 98 0 7.2 11.3 10.5 3.5 2 1 3 3 3
-1419.3 3477.2 -18.9 275 0 15.9 16.5 14.0 3.5 2 1 4 2 2
-1388.0 3522.1 -20.3 273 0 19.8 10.6 14.0 3.5 2 0 4 5 5
-1553.5 3403.1 -19.5 6 0 9.2 30.0 10.5 3.5 2 1 3 1 1
-1620.6 3681.3 -26.6 103 0 8.3 7.7 10.5 3.5 2 0 3 0 0
-1601.5 3472.0 -19.8 94 0 5.0 10.3 10.5 3.5 2 1 3 5 5
-1685.0 3312.9 -21.6 93 0 4.3 8.3 10.5 3.5 2 1 3 3 3
-1552.2 3678.6 -26.2 8 0 11.6 3.2 10.5 3.5 2 0 3 2 2
-1569.0 3536.0 -21.5 275 0 8.3 31.9 10.5 3.5 2 1 3 2 2
-1684.8 3343.9 -21.4 270 0 6.5 6.5 10.5 3.5 2 0 3 0 0
-1622.4 3252.3 -19.1 270 0 5.6 9.1 10.5 3.5 2 1 3 2 2
-1577.2 3633.7 -24.6 278 0 7.8 4.4 10.5 3.5 2 0 3 2 2
-1704.3 3395.0 -21.1 272 0 3.5 15.6 10.5 3.5 2 1 3 2 2
-1593.2 3343.3 -19.3 94 0 4.4 15.4 10.5 3.5 2 1 3 2 2
-1436.1 3368.3 -17.6 2 0 11.5 68.0 14.0 3.5 2 1 4 3 3
-1597.1 3647.4 -25.3 9 0 3.9 14.0 10.5 3.5 4 1 3 5 5
-1586.9 3371.7 -19.3 275 0 3.6 10.4 10.5 3.5 2 1 3 5 5
-1598.3 3704.3 -27.0 282 0 7.8 17.3 10.5 3.5 2 1 3 0 0
-1611.1 3580.2 -23.1 3 0 5.2 15.0 10.5 3.5 2 1 3 1 1
-1476.2 3596.6 -23.4 2 0 7.5 9.7 10.5 3.5 2 1 3 1 1
-1484.3 3440.0 -18.4 93 0 10.9 10.5 14.0 3.5 4 0 4 2 2
-1670.6 3331.3 -21.3 5 0 6.5 5.9 10.5 3.5 4 0 3 5 5
-1613.2 3355.2 -20.0 93 0 4.2 7.5 10.5 3.5 2 1 3 3 3
-1456.8 3473.5 -19.0 282 0 10.1 21.3 14.0 3.5 2 1 4 2 2
-1682.6 3715.0 -27.1 268 0 3.3 12.0 10.5 3.5 2 1 3 2 2
-1525.3 3562.8 -22.5 183 0 27.6 18.6 14.0 3.5 2 0 4 5 5
-1573.4 3294.4 -18.2 272 0 10.0 14.8 10.5 3.5 2 1 3 3 3
-1688.9 3721.9 -27.8 92 0 4.4 13.9 10.5 3.5 2 1 3 4 4
-1661.8 3775.0 -29.5 180 0 3.0 10.5 10.5 3.5 2 1 3 5 5
-1635.1 3714.2 -27.4 270 0 4.5 10.5 10.5 3.5 2 1 3 0 0
-1652.8 3603.6 -24.1 91 0 14.0 7.8 10.5 3.5 2 0 3 1 1
-1610.3 3591.4 -23.5 4 0 8.8 13.1 10.5 3.5 2 1 3 3 3
-1720.5 3275.9 -22.2 186 0 12.1 17.5 14.0 3.5 2 1 4 1 1
-1646.0 3572.5 -22.8 271 0 4.8 18.6 10.5 3.5 2 1 3 3 3
-1242.6 3519.9 -16.9 94 0 9.0 17.4 10.5 3.5 2 1 3 5 5
-1708.7 3225.6 -21.3 186 0 8.5 12.3 10.5 3.5 4 1 3 3 3
-2458.4 6286.5 -28.2 206 0 6.8 4.5 10.5 3.5 2 0 3 4 4
-2410.0 6410.5 -24.8 12 0 8.1 7.9 10.5 3.5 2 0 3 2 2
-2417.5 6119.9 -29.8 265 0 9.1 7.7 10.5 3.5 2 0 3 0 0
-2418.5 6323.1 -26.7 212 0 8.0 5.3 10.5 3.5 2 0 3 4 4
-2474.1 6132.3 -30.3 85 0 6.2 7.3 10.5 3.5 2 1 3 1 1
-2458.0 6076.7 -30.8 93 0 5.0 6.1 10.5 3.5 2 1 3 0 0
-2652.2 6211.6 -32.1 267 0 11.6 14.0 14.0 3.5 4 1 4 2 2
-2479.0 6470.7 -24.8 357 0 11.5 4.7 10.5 3.5 2 0 3 5 5
-2460.9 6062.5 -31.1 85 0 15.7 6.1 10.5 0.0 0 0 3 4 4
-2385.6 6449.9 -23.3 181 0 6.0 14.8 10.5 3.5 2 1 3 3 3
-2407.8 6209.6 -28.6 3 0 14.9 10.0 14.0 3.5 4 0 4 1 1
-2456.8 6179.6 -29.6 355 0 7.2 8.3 10.5 3.5 2 1 3 4 4
-2453.0 6444.0 -24.7 176 0 6.0 7.1 10.5 3.5 4 1 3 4 4
-2467.0 6240.2 -29.0 270 0 6.1 13.6 10.5 3.5 2 1 3 0 0
-2515.6 6067.7 -31.7 178 0 8.8 6.4 10.5 3.5 2 0 3 1 1
-2420.0 6450.2 -24.1 7 0 5.8 7.8 10.5 3.5 2 1 3 1 1
-2475.7 6451.2 -25.3 353 0 8.0 12.7 10.5 3.5 2 1 3 1 1
-2513.4 6467.0 -25.4 176 0 4.0 8.4 10.5 3.5 4 1 3 0 0
-2465.6 6427.5 -25.4 349 0 5.6 6.1 10.5 3.5 2 1 3 1 1
-2520.6 6187.5 -30.3 208 0 6.0 7.8 10.5 3.5 4 1 3 0 0
-2416.8 6400.7 -25.0 101 0 10.0 4.6 10.5 3.5 2 0 3 3 3
-2432.2 6117.4 -30.0 266 0 5.2 8.5 10.5 3.5 2 1 3 0 0
-2426.8 6366.4 -26.0 27 0 6.4 8.9 10.5 3.5 2 1 3 2 2
-2506.8 6143.3 -30.6 88 0 7.7 16.4 10.5 3.5 2 1 3 5 5
-2451.0 6434.9 -24.9 175 0 6.0 5.8 10.5 3.5 2 0 3 1 1
-2487.7 6171.1 -30.0 176 0 8.1 9.4 10.5 3.5 2 1 3 2 2
-2491.7 6463.1 -25.1 181 0 10.8 6.7 10.5 3.5 2 0 3 2 2
-2467.1 6298.0 -28.2 37 0 7.3 4.9 10.5 3.5 2 0 3 3 3
-2495.7 6240.7 -29.3 194 0 7.5 6.8 10.5 3.5 4 0 3 4 4
-2466.9 6373.7 -26.7 23 0 15.3 5.1 10.5 3.5 2 0 3 3 3
-2387.3 6441.1 -23.6 184 0 9.0 16.5 10.5 3.5 4 1 3 5 5
-2400.3 6090.9 -29.9 358 0 8.1 10.1 10.5 0.0 0 1 3 0 0
-2492.7 6059.7 -31.5 82 0 8.5 12.7 10.5 3.5 2 1 3 5 5
-2475.2 6461.4 -24.9 0 0 5.4 6.5 10.5 3.5 4 1 3 0 0
-2431.3 6363.2 -26.2 295 0 6.9 5.7 10.5 3.5 2 0 3 1 1
-2421.9 6379.7 -25.6 21 0 4.6 8.3 10.5 3.5 4 1 3 2 2
-2523.0 6489.6 -24.9 84 0 6.6 4.7 10.5 3.5 2 0 3 3 3
-2459.0 6259.2 -28.5 200 0 6.7 6.8 10.5 3.5 2 1 3 4 4
-2454.2 6310.1 -27.7 35 0 5.4 14.7 10.5 3.5 4 1 3 3 3
-2456.6 6171.4 -29.7 356 0 5.7 7.1 10.5 3.5 2 1 3 1 1
-2443.9 6429.4 -24.9 179 0 7.3 7.9 10.5 3.5 4 1 3 3 3
-2478.4 6212.3 -29.4 182 0 8.2 17.7 10.5 3.5 2 1 3 4 4
-2459.3 6114.5 -30.4 171 0 10.8 13.6 14.0 3.5 2 1 4 4 4
-2437.5 6300.6 -27.6 207 0 4.5 10.3 10.5 3.5 2 1 3 2 2
-2990.5 6096.0 -38.2 1 0 6.0 9.6 7.5 0.0 0 1 3 2 2
-2862.5 6128.4 -36.0 24 0 5.2 12.1 10.5 3.5 2 1 3 1 1
-2658.8 6087.6 -33.5 183 0 12.0 6.7 10.5 3.5 2 0 3 2 2
-3014.5 6122.9 -37.0 181 0 5.3 7.0 5.0 2.5 2 1 2 5 5
-2765.9 6108.0 -34.8 188 0 12.5 9.7 10.5 3.5 2 0 3 5 5
-2732.8 6150.0 -33.9 5 0 4.3 10.9 10.5 3.5 2 1 3 0 0
-3016.2 6147.6 -36.0 182 0 4.9 8.1 5.0 0.0 0 1 2 2 2
-2722.4 6154.5 -33.6 187 0 5.0 12.2 10.5 3.5 2 1 3 0 0
-2775.8 6108.2 -35.0 6 0 6.7 10.6 10.5 3.5 2 1 3 3 3
-2889.4 6103.0 -36.6 211 0 7.9 14.8 10.5 3.5 4 1 3 0 0
-2860.3 6079.1 -36.6 24 0 7.2 13.8 10.5 3.5 2 1 3 1 1
-2619.3 6142.7 -32.5 5 0 11.2 20.5 14.0 3.5 2 1 4 4 4
-2751.8 6104.4 -34.7 9 0 10.3 3.3 10.5 3.5 2 0 3 1 1
-2737.8 6117.5 -34.3 189 0 11.0 22.9 14.0 3.5 2 1 4 1 1
-2720.9 6160.6 -33.5 185 0 5.5 12.4 10.5 3.5 2 1 3 5 5
-2979.2 6144.9 -36.5 3 0 4.8 7.3 7.5 2.5 2 1 3 1 1
-2628.1 6062.4 -33.5 7 0 16.7 5.4 10.5 3.5 2 0 3 5 5
-3004.0 6159.6 -35.7 190 0 5.6 6.6 2.5 2.5 2 1 1 1 1
-2703.9 6123.5 -33.7 95 0 16.5 10.8 14.0 3.5 2 0 4 2 2
-2976.0 6180.9 -35.0 2 0 5.0 6.7 2.5 2.5 2 1 1 5 5
-2812.4 6214.4 -34.3 359 0 12.6 11.7 14.0 3.5 2 0 4 3 3
-2755.3 6125.3 -34.6 281 0 6.0 10.6 10.5 3.5 2 1 3 4 4
-2987.0 6128.1 -37.1 2 0 4.8 8.7 5.0 2.5 2 1 2 0 0
-2786.9 6173.3 -34.2 178 0 8.1 6.9 10.5 3.5 2 0 3 5 5
-2859.1 6190.9 -35.1 179 0 16.1 12.5 14.0 3.5 4 0 4 0 0
-2970.1 6192.1 -34.7 5 0 6.3 11.9 2.5 2.5 2 1 1 3 3
-2991.3 6218.3 -33.4 278 0 8.7 6.3 7.5 2.5 2 0 3 1 1
-3014.8 6160.7 -35.5 186 0 5.2 9.0 5.0 2.5 2 1 2 5 5
-2731.1 6105.4 -34.3 184 0 6.8 6.5 10.5 3.5 2 0 3 1 1
-3015.5 6154.3 -35.7 183 0 4.3 8.2 5.0 2.5 2 1 2 4 4
-2702.5 6135.0 -33.6 98 0 14.5 14.5 14.0 3.5 2 0 4 0 0
-2985.0 6120.0 -37.5 7 0 5.2 12.5 2.5 2.5 2 1 1 1 1
-2872.0 6105.3 -36.4 21 0 7.5 9.9 10.5 3.5 2 1 3 2 2
-2685.3 6119.0 -33.5 101 0 8.9 15.2 10.5 3.5 2 1 3 4 4
-2977.6 6150.5 -36.3 11 0 4.7 11.3 5.0 2.5 2 1 2 2 2
-5146.9 3497.8 -34.2 271 0 11.1 14.1 14.0 3.5 2 1 4 5 5
-3282.6 3767.1 -39.9 272 0 9.9 30.6 10.5 3.5 2 1 3 5 5
-3139.1 4291.5 -37.5 92 0 8.7 14.8 10.5 3.5 2 1 3 5 5
-3111.2 5033.1 -36.5 101 0 18.8 6.3 10.5 3.5 2 0 3 2 2
-2988.9 5068.2 -35.4 87 0 12.1 29.3 14.0 3.5 4 1 4 3 3
-3126.7 3555.9 -37.2 269 0 16.4 17.7 17.5 3.5 2 1 5 3 3
