-3820.4 3101.2 -10.8 196 0 39.3 34.4 7.5 0.0 0 0 3 3 3
-5363.9 1674.7 1.9 178 0 4.2 10.7 7.5 2.5 2 1 3 0 0
-4818.3 1844.3 -6.0 105 0 10.0 63.3 5.0 2.5 2 1 2 3 3
-4834.3 1892.6 -5.9 286 0 21.7 34.4 10.0 0.0 0 1 4 1 1
-5945.4 1647.8 9.1 183 0 8.5 31.2 7.5 2.5 2 1 3 5 5
-5332.9 1660.4 1.3 358 0 24.8 8.8 7.5 2.5 2 0 3 1 1
-4833.4 1838.0 -6.1 15 0 8.3 42.2 7.5 2.5 2 1 3 5 5
-5343.0 1657.4 1.5 358 0 16.8 6.4 2.5 0.0 0 0 1 2 2
-5323.8 1703.6 1.5 182 0 8.1 8.7 7.5 2.5 2 1 3 1 1
-5335.3 1571.2 1.1 88 0 10.5 22.3 7.5 2.5 2 1 3 2 2
-5331.9 1633.0 1.0 358 0 26.2 3.9 2.5 2.5 2 0 1 0 0
-5526.7 1490.4 2.9 210 0 15.5 19.6 10.0 2.5 2 1 4 5 5
-6866.6 1799.5 12.3 102 0 11.4 21.0 7.5 2.5 2 1 3 2 2
-5827.6 -310.0 13.6 185 0 40.5 13.9 7.5 2.5 2 0 3 2 2
-5441.5 1505.5 3.2 285 0 23.3 19.2 10.0 2.5 4 0 4 0 0
-6915.0 1826.1 12.6 190 0 8.9 24.6 7.5 2.5 2 1 3 2 2
-5279.2 185.2 8.1 288 0 9.0 8.8 7.5 0.0 0 0 3 5 5
-5324.3 130.8 9.2 104 0 41.4 14.0 7.5 2.5 2 0 3 5 5
-5874.0 393.3 8.8 101 0 44.2 13.6 10.0 2.5 2 0 4 1 1
-5843.0 383.5 8.9 101 0 18.4 56.8 12.5 2.5 2 1 5 0 0
-5802.2 384.6 10.9 102 0 9.6 34.0 7.5 0.0 0 1 3 3 3
-5809.0 5790.1 -19.5 179 0 5.2 17.0 7.5 2.5 2 1 3 5 5
-5808.3 5777.1 -19.3 177 0 6.4 17.7 7.5 2.5 2 1 3 2 2
-6863.3 6524.5 -10.3 171 0 38.4 8.3 7.5 2.5 2 0 3 5 5
-6814.5 6563.6 -11.0 359 0 8.1 9.4 7.5 0.0 0 1 3 5 5
-6838.4 6566.8 -10.8 266 0 21.8 10.9 2.5 2.5 2 0 1 1 1
-6711.9 6616.5 -12.6 77 0 8.9 12.2 5.0 2.5 2 1 2 3 3
-6730.3 6610.0 -12.4 169 0 51.9 7.3 7.5 2.5 2 0 3 5 5
-6746.9 6487.1 -11.8 75 0 32.4 7.8 7.5 2.5 2 0 3 0 0
-6864.9 6508.4 -10.1 349 0 5.8 22.6 7.5 2.5 2 1 3 5 5
-6875.1 6549.9 -10.1 349 0 5.6 15.6 5.0 2.5 2 1 2 0 0
-6883.7 6563.2 -10.0 351 0 7.2 4.8 5.0 0.0 0 0 2 0 0
-6803.4 5624.9 -7.2 44 0 3.7 17.8 5.0 2.5 2 1 2 1 1
-6771.5 5732.3 -8.3 40 0 23.3 8.8 5.0 2.5 2 0 2 3 3
-6539.3 5543.2 -13.0 268 0 8.7 38.0 7.5 0.0 0 1 3 0 0
-6532.1 5490.2 -13.3 355 0 15.4 10.7 5.0 2.5 2 0 2 1 1
-6543.6 5248.0 -9.0 89 0 9.3 13.0 5.0 2.5 2 1 2 4 4
-6557.5 5248.0 -8.4 89 0 9.3 13.0 7.5 2.5 4 1 3 1 1
-6530.9 5296.5 -10.9 89 0 9.3 13.0 5.0 2.5 2 1 2 4 4
-6517.1 5248.4 -9.8 89 0 9.3 13.0 7.5 2.5 4 1 3 5 5
-6529.7 5199.3 -8.5 89 0 9.3 13.0 5.0 2.5 2 1 2 3 3
-6519.3 5280.2 -10.7 269 0 9.3 13.0 5.0 2.5 2 1 2 0 0
-6558.1 5296.2 -9.6 89 0 9.3 13.0 5.0 2.5 2 1 2 0 0
-6557.0 5181.9 -7.7 270 0 6.0 13.4 5.0 2.5 2 1 2 5 5
-6543.9 5182.5 -7.9 270 0 6.0 13.4 2.5 2.5 2 1 1 2 2
-6543.8 5231.6 -8.4 270 0 6.0 13.4 7.5 2.5 4 1 3 0 0
-6578.4 5321.8 -9.4 180 0 10.2 9.7 2.5 2.5 4 0 1 3 3
-6577.2 5223.6 -7.9 180 0 10.2 9.7 7.5 2.5 2 0 3 5 5
-6529.8 5181.9 -8.3 270 0 6.0 13.4 7.5 0.0 0 1 3 1 1
-6529.8 5231.0 -9.0 270 0 6.0 13.4 2.5 2.5 2 1 1 3 3
-6558.2 5329.2 -9.8 270 0 6.0 13.4 7.5 2.5 2 1 3 0 0
-6531.0 5329.2 -11.7 270 0 6.0 13.4 5.0 0.0 0 1 2 1 1
-6516.3 5182.2 -8.5 270 0 6.0 13.4 5.0 0.0 0 1 2 3 3
-6302.8 5585.7 -16.5 2 0 16.3 10.6 2.5 2.5 2 0 1 0 0
-5893.7 23.6 13.7 278 0 12.1 75.2 10.0 2.5 2 1 4 5 5
-5832.8 -185.7 14.5 5 0 12.9 26.4 10.0 2.5 2 1 4 0 0
-5930.8 28.2 13.0 278 0 11.0 87.9 10.0 2.5 4 1 4 0 0
-5821.0 -190.3 14.2 182 0 6.2 20.2 5.0 2.5 2 1 2 2 2
-5462.5 2218.3 3.0 191 0 43.3 26.8 7.5 0.0 0 0 3 2 2
-5910.3 -99.7 14.6 11 0 7.2 10.4 5.0 2.5 2 1 2 2 2
-6342.0 5794.9 -16.3 0 0 9.1 13.4 2.5 2.5 2 1 1 1 1
-6909.2 6668.7 -10.3 170 0 7.8 15.0 5.0 2.5 2 1 2 3 3
-6483.2 6625.4 -15.4 78 0 6.9 22.8 2.5 2.5 4 1 1 1 1
-6471.4 6647.3 -15.4 348 0 5.0 12.4 5.0 0.0 0 1 2 5 5
-6502.6 6638.9 -15.3 168 0 6.6 10.7 7.5 2.5 2 1 3 5 5
-6468.6 6634.3 -15.5 348 0 6.4 11.3 7.5 2.5 2 1 3 1 1
-6500.4 6626.6 -15.4 168 0 5.5 11.9 2.5 2.5 2 1 1 0 0
-3678.4 4915.7 -19.6 180 0 8.7 5.0 5.0 2.5 2 0 2 4 4
-3650.4 4925.4 -19.8 261 0 10.4 8.3 5.0 2.5 2 0 2 4 4
-3630.4 4930.4 -19.9 268 0 12.6 7.8 5.0 2.5 2 0 2 0 0
-3654.2 4909.8 -19.7 172 0 7.6 9.7 5.0 2.5 2 1 2 4 4
-3654.2 4902.0 -19.7 175 0 4.9 10.9 7.5 2.5 2 1 3 5 5
-3652.7 4895.3 -19.6 177 0 5.2 11.1 7.5 2.5 2 1 3 1 1
-3655.4 4871.4 -19.5 185 0 14.9 13.9 5.0 2.5 2 0 2 3 3
-3656.0 4856.0 -19.3 190 0 13.1 13.2 2.5 2.5 2 1 1 2 2
-3668.6 4838.6 -19.1 182 0 7.0 7.5 5.0 2.5 2 1 2 5 5
-3655.9 4822.4 -19.1 181 0 7.8 13.1 7.5 2.5 2 1 3 1 1
-3669.4 4821.2 -19.0 180 0 5.6 7.1 2.5 2.5 2 1 1 5 5
-3668.8 4855.4 -19.2 186 0 12.1 8.7 5.0 0.0 0 0 2 5 5
-3631.7 4940.5 -20.0 263 0 12.2 10.2 7.5 2.5 2 0 3 1 1
-3617.5 4927.7 -19.9 262 0 8.5 7.1 5.0 2.5 2 0 2 3 3
-3628.4 4913.6 -19.8 271 0 12.6 19.7 7.5 2.5 2 1 3 4 4
-3636.1 4859.4 -19.5 183 0 26.2 10.2 7.5 2.5 2 0 3 5 5
-3635.8 4885.6 -19.6 183 0 10.3 12.6 5.0 2.5 2 1 2 3 3
-3621.8 4884.2 -19.7 188 0 13.0 8.2 7.5 2.5 2 0 3 1 1
-3616.3 4910.7 -19.8 270 0 9.0 18.8 5.0 2.5 2 1 2 0 0
-3636.6 4838.5 -19.3 182 0 8.2 17.8 7.5 0.0 0 1 3 0 0
-3625.3 4851.2 -19.4 185 0 13.9 8.0 7.5 2.5 2 0 3 1 1
-3628.4 4806.5 -19.1 91 0 15.0 15.5 2.5 2.5 2 1 1 0 0
-3648.8 4784.7 -18.8 88 0 16.7 7.2 2.5 2.5 2 0 1 4 4
-3605.5 4803.3 -19.2 94 0 15.1 17.7 7.5 2.5 4 1 3 5 5
-3575.0 4796.4 -19.2 4 0 9.7 19.0 5.0 0.0 0 1 2 3 3
-3574.7 4810.9 -19.3 4 0 15.5 18.4 10.0 2.5 2 1 4 2 2
-3609.5 4824.1 -19.3 95 0 12.4 16.9 10.0 2.5 2 1 4 3 3
-3581.1 4829.6 -19.4 7 0 12.1 8.1 2.5 2.5 2 0 1 2 2
-3615.9 4678.3 -18.7 99 0 21.4 14.3 12.5 2.5 2 0 5 1 1
-3620.7 4716.1 -18.5 187 0 19.0 18.1 7.5 2.5 2 0 3 1 1
-3617.5 4736.8 -18.6 188 0 17.4 16.3 12.5 2.5 2 0 5 2 2
-3561.4 4760.8 -19.0 6 0 17.7 10.9 2.5 2.5 4 0 1 5 5
-3559.7 4792.3 -19.2 8 0 8.9 9.1 5.0 2.5 2 1 2 0 0
-3598.5 4870.7 -19.6 8 0 12.0 7.9 5.0 2.5 2 0 2 1 1
-3542.3 4847.9 -19.7 4 0 19.4 22.5 7.5 2.5 2 1 3 4 4
-3536.8 4894.6 -20.1 16 0 19.6 20.6 7.5 2.5 2 1 3 4 4
-3559.0 4915.9 -20.1 1 0 5.5 10.6 7.5 2.5 2 1 3 4 4
-3559.1 4929.5 -20.2 4 0 12.4 23.7 7.5 2.5 2 1 3 5 5
-3538.7 4871.7 -19.9 6 0 21.8 22.6 7.5 2.5 2 1 3 4 4
-3698.4 4777.0 -18.6 92 0 19.2 11.9 5.0 2.5 2 0 2 2 2
-3541.4 4704.3 -18.7 95 0 9.6 7.8 7.5 2.5 2 0 3 5 5
-3521.6 4702.3 -18.9 93 0 17.6 29.4 7.5 2.5 2 1 3 0 0
-3500.8 4701.4 -19.0 90 0 18.7 25.9 7.5 2.5 4 1 3 5 5
-3479.5 4727.8 -19.1 276 0 13.9 23.5 10.0 2.5 2 1 4 2 2
-3453.1 4712.1 -19.1 1 0 23.2 18.5 10.0 2.5 2 0 4 1 1
-4237.6 4600.4 -16.1 100 0 6.0 6.3 7.5 2.5 2 1 3 4 4
-4230.5 4592.6 -16.1 90 0 5.1 11.3 7.5 2.5 2 1 3 4 4
-4217.2 4610.5 -16.1 88 0 4.5 6.7 7.5 2.5 2 1 3 4 4
-4198.9 4588.4 -16.1 91 0 12.5 15.5 7.5 2.5 2 1 3 1 1
-4226.6 4626.5 -16.1 182 0 9.8 6.2 7.5 2.5 2 0 3 5 5
-4211.2 4610.1 -16.1 88 0 4.5 6.5 5.0 2.5 2 1 2 3 3
-4211.3 4623.6 -16.2 184 0 9.3 4.6 7.5 2.5 2 0 3 2 2
-4215.6 4639.0 -16.1 270 0 5.5 12.5 7.5 0.0 0 1 3 5 5
-4227.1 4638.5 -16.1 180 0 4.3 7.2 7.5 2.5 4 1 3 0 0
-4194.5 4624.8 -16.2 272 0 11.4 10.2 5.0 2.5 2 0 2 1 1
-4188.8 4654.8 -16.3 277 0 15.8 11.8 5.0 2.5 2 0 2 3 3
-4178.9 4608.2 -16.2 76 0 5.0 9.2 5.0 2.5 2 1 2 3 3
-4173.0 4636.1 -16.3 248 0 5.7 14.4 2.5 2.5 2 0 1 0 0
-4180.9 4580.4 -15.9 97 0 8.0 9.8 5.0 2.5 2 1 2 1 1
-4161.3 4590.9 -16.0 81 0 4.9 5.8 7.5 2.5 2 1 3 3 3
-4162.3 4598.1 -16.1 88 0 5.8 7.0 5.0 2.5 2 1 2 5 5
-4417.2 3764.6 -10.1 182 0 11.1 27.5 10.0 2.5 2 1 4 4 4
-4382.7 3795.0 -10.5 184 0 6.6 14.9 5.0 2.5 2 1 2 0 0
-4357.4 3813.8 -10.8 185 0 10.3 7.9 7.5 2.5 4 0 3 4 4
-4303.2 3782.1 -10.5 14 0 10.0 8.5 2.5 2.5 4 0 1 0 0
-4337.0 3804.8 -10.5 98 0 6.6 5.3 5.0 2.5 2 0 2 2 2
-4320.4 3803.6 -10.3 95 0 10.3 6.5 5.0 0.0 0 0 2 2 2
-4345.2 3864.2 -11.4 185 0 16.2 10.9 10.0 0.0 0 0 4 1 1
-4299.2 3863.8 -11.5 10 0 5.7 11.2 5.0 2.5 2 1 2 3 3
-4295.2 3840.4 -11.1 91 0 9.2 9.4 5.0 2.5 2 1 2 4 4
-4324.9 3897.4 -11.1 270 0 7.6 5.3 5.0 2.5 2 0 2 3 3
-4312.8 3878.4 -11.5 274 0 8.7 5.1 2.5 2.5 2 0 1 2 2
-4300.1 3889.1 -11.6 273 0 9.7 16.9 7.5 0.0 0 1 3 4 4
-4299.3 3903.2 -11.4 279 0 12.2 12.3 7.5 2.5 2 1 3 5 5
-4290.3 3853.8 -11.4 90 0 12.9 11.2 7.5 2.5 2 0 3 1 1
-4252.0 3849.3 -11.0 96 0 17.9 10.0 5.0 2.5 2 0 2 3 3
-4290.5 3879.2 -11.6 271 0 5.9 8.1 7.5 2.5 4 1 3 0 0
-4288.7 3884.9 -11.6 277 0 6.9 4.4 7.5 2.5 2 0 3 0 0
-4271.2 3887.8 -11.7 247 0 11.5 21.0 5.0 2.5 2 1 2 4 4
-4238.9 3863.0 -11.2 95 0 9.5 9.3 5.0 2.5 2 0 2 0 0
-4239.6 3874.0 -11.4 92 0 10.4 5.7 7.5 2.5 2 0 3 0 0
-4239.6 3881.6 -11.6 89 0 10.8 6.2 7.5 2.5 2 0 3 2 2
-4244.2 3917.4 -11.7 182 0 6.1 10.4 5.0 2.5 2 1 2 1 1
-4223.2 3861.5 -10.9 97 0 8.8 5.9 2.5 2.5 2 0 1 0 0
-4222.2 3868.8 -11.1 96 0 7.7 5.3 5.0 2.5 2 0 2 0 0
-4210.7 3859.3 -11.1 86 0 8.5 10.1 7.5 2.5 4 1 3 3 3
-4214.2 3911.5 -11.9 274 0 10.7 9.6 7.5 2.5 2 0 3 4 4
-4204.9 3834.1 -11.3 100 0 8.9 14.6 7.5 2.5 2 1 3 2 2
-4186.8 3831.0 -11.5 94 0 8.1 12.1 5.0 2.5 2 1 2 5 5
-4218.0 3798.4 -11.2 122 0 5.8 6.8 2.5 2.5 2 1 1 5 5
-4165.0 3847.4 -11.7 92 0 7.4 11.4 5.0 2.5 2 1 2 4 4
-4151.4 3849.7 -11.8 93 0 8.8 9.6 5.0 2.5 2 1 2 3 3
-4167.2 3913.8 -11.6 273 0 9.9 14.8 7.5 0.0 0 1 3 3 3
-4097.0 3822.3 -12.9 99 0 7.9 6.6 5.0 2.5 2 0 2 5 5
-4113.8 3823.0 -12.6 95 0 9.2 10.7 7.5 2.5 2 1 3 3 3
-4135.8 3863.1 -11.9 87 0 7.2 7.6 7.5 2.5 2 1 3 0 0
-4118.7 3861.2 -12.0 96 0 6.5 8.7 2.5 2.5 2 1 1 5 5
-4124.6 3892.6 -11.9 89 0 8.9 9.4 2.5 2.5 2 1 1 4 4
-4119.2 3963.5 -12.3 192 0 15.1 16.0 2.5 0.0 0 1 1 4 4
-4064.0 3936.8 -12.3 92 0 5.6 9.1 7.5 2.5 2 1 3 4 4
-4057.8 3890.3 -12.6 358 0 9.9 9.7 5.0 2.5 2 0 2 1 1
-4046.0 3889.3 -12.8 4 0 8.9 10.0 7.5 2.5 2 1 3 2 2
-4061.3 3914.0 -12.5 101 0 11.7 13.3 2.5 2.5 2 1 1 0 0
-4036.5 3895.4 -12.9 97 0 9.6 24.3 2.5 2.5 2 1 1 2 2
-4047.0 3936.2 -12.5 86 0 4.5 9.4 5.0 2.5 4 1 2 0 0
-4021.3 3933.8 -12.8 91 0 10.8 9.5 2.5 2.5 2 0 1 4 4
-4080.4 3975.3 -12.5 188 0 13.5 9.2 2.5 2.5 2 0 1 1 1
-4054.7 3965.4 -12.2 100 0 5.9 12.1 7.5 2.5 2 1 3 1 1
-4025.7 3958.3 -12.6 101 0 7.6 8.8 5.0 2.5 2 1 2 4 4
-4039.7 3858.6 -13.4 3 0 19.1 9.6 7.5 2.5 2 0 3 2 2
-3993.9 3875.0 -13.8 11 0 8.0 13.5 2.5 2.5 2 1 1 3 3
-4000.4 3891.8 -13.7 93 0 11.2 13.2 2.5 2.5 2 1 1 4 4
-3997.4 3907.6 -13.4 85 0 10.2 16.0 7.5 2.5 2 1 3 5 5
-3965.1 3936.6 -13.6 358 0 11.0 8.1 5.0 2.5 2 0 2 5 5
-4017.1 3957.2 -12.7 102 0 7.3 10.7 5.0 2.5 2 1 2 5 5
-3991.9 3938.8 -13.0 88 0 4.8 7.7 7.5 2.5 2 1 3 5 5
-3981.7 3960.0 -13.1 1 0 13.6 13.0 5.0 2.5 2 0 2 0 0
-3997.8 3988.2 -12.8 283 0 13.0 12.6 7.5 2.5 2 0 3 2 2
-3943.6 3934.9 -14.0 6 0 14.1 10.1 7.5 2.5 2 0 3 5 5
-4104.7 3997.7 -12.2 187 0 12.1 17.8 2.5 2.5 2 0 1 3 3
-4087.2 3994.7 -12.4 195 0 10.5 9.8 5.0 2.5 2 0 2 5 5
-4051.8 3989.8 -12.5 268 0 4.7 6.7 7.5 2.5 2 1 3 1 1
-4019.9 3983.2 -12.4 10 0 10.5 20.6 2.5 2.5 2 1 1 0 0
-4008.6 4001.9 -12.6 358 0 9.6 13.1 2.5 2.5 2 1 1 1 1
-4076.0 4021.4 -12.2 184 0 10.0 17.7 7.5 2.5 2 1 3 0 0
-4082.9 4036.6 -12.1 187 0 11.9 25.8 10.0 2.5 2 1 4 3 3
-4020.6 4026.6 -12.6 3 0 17.2 10.0 2.5 2.5 2 0 1 0 0
-4077.3 4072.3 -12.0 188 0 10.0 14.5 7.5 2.5 2 1 3 3 3
-4067.4 4058.9 -11.9 271 0 7.5 13.6 5.0 2.5 2 1 2 4 4
-3978.9 4080.2 -12.3 5 0 16.1 17.7 7.5 2.5 2 1 3 4 4
-4005.3 4053.4 -12.5 1 0 26.7 8.5 5.0 2.5 2 0 2 0 0
-4001.4 4101.6 -12.3 1 0 14.8 13.2 5.0 2.5 2 0 2 2 2
-4039.1 4113.4 -12.4 275 0 13.8 8.3 7.5 2.5 4 0 3 5 5
-3978.7 4132.2 -12.5 271 0 6.7 18.9 2.5 2.5 2 1 1 5 5
-4005.1 4150.8 -12.8 270 0 12.7 21.3 10.0 2.5 2 1 4 5 5
-4024.4 4125.5 -12.5 274 0 11.4 5.2 5.0 2.5 2 0 2 5 5
-4038.6 4151.0 -12.8 268 0 15.1 19.4 10.0 0.0 0 1 4 1 1
-4022.9 4151.1 -12.8 271 0 12.9 21.6 10.0 2.5 2 1 4 0 0
-4023.1 4005.4 -12.6 7 0 18.9 23.5 7.5 2.5 2 1 3 0 0
-3985.2 4037.7 -12.8 5 0 16.8 16.4 10.0 2.5 2 0 4 5 5
-3977.8 4053.3 -12.8 280 0 6.9 13.5 5.0 2.5 4 1 2 1 1
-3941.9 3957.1 -13.7 8 0 16.0 11.9 5.0 0.0 0 0 2 5 5
-3912.9 4003.7 -13.6 9 0 6.8 10.1 2.5 2.5 2 1 1 0 0
-3914.8 3992.6 -13.6 11 0 11.0 9.8 5.0 2.5 2 0 2 1 1
-3881.3 3879.8 -14.9 263 0 8.6 13.8 5.0 2.5 2 1 2 3 3
-3869.2 3804.6 -13.8 354 0 5.7 7.9 7.5 2.5 2 1 3 2 2
-3869.3 3820.9 -14.0 0 0 6.5 7.6 2.5 2.5 2 1 1 4 4
-3918.5 3817.3 -14.0 182 0 14.8 13.7 5.0 2.5 2 0 2 4 4
-3931.5 3814.4 -13.9 181 0 7.8 9.1 5.0 2.5 4 1 2 5 5
-3931.1 3829.0 -14.0 178 0 17.7 7.5 5.0 2.5 2 0 2 2 2
-3918.8 3843.1 -14.3 175 0 17.4 6.3 2.5 2.5 2 0 1 1 1
-3934.8 3855.3 -14.5 167 0 5.8 7.1 5.0 2.5 2 1 2 2 2
-4062.6 4096.2 -12.2 268 0 21.6 13.2 7.5 2.5 2 0 3 1 1
-4130.3 4050.8 -11.9 197 0 10.4 26.5 7.5 2.5 2 1 3 5 5
-4071.8 4113.5 -12.5 272 0 5.2 14.4 7.5 2.5 2 1 3 2 2
-4060.5 4124.2 -12.6 267 0 15.3 24.6 7.5 2.5 2 1 3 5 5
-4064.7 4146.9 -12.8 265 0 9.2 18.2 2.5 2.5 2 1 1 0 0
-4078.4 4146.8 -12.8 271 0 10.8 8.1 7.5 2.5 2 0 3 0 0
-4103.1 4143.3 -12.8 186 0 9.1 13.3 5.0 2.5 2 1 2 2 2
-4101.8 4114.9 -12.6 185 0 9.4 10.3 5.0 2.5 2 1 2 3 3
-4137.4 4108.2 -12.5 184 0 13.5 16.2 5.0 2.5 2 1 2 2 2
-4163.7 4074.5 -12.3 185 0 15.5 20.1 7.5 2.5 2 1 3 4 4
-4193.6 3962.8 -11.6 194 0 15.7 7.2 7.5 2.5 2 0 3 0 0
-4167.0 3986.1 -11.7 190 0 21.3 7.4 2.5 2.5 2 0 1 2 2
-4203.8 4034.8 -11.9 190 0 14.4 15.7 2.5 0.0 0 1 1 5 5
-4191.0 4014.7 -11.6 186 0 5.8 8.2 5.0 2.5 2 1 2 4 4
-4165.6 4009.4 -11.6 186 0 7.5 7.2 7.5 2.5 2 0 3 5 5
-4156.1 4008.1 -11.6 192 0 6.5 12.5 2.5 2.5 2 1 1 0 0
-4131.4 4001.2 -11.8 193 0 5.2 9.6 5.0 2.5 2 1 2 3 3
-3869.2 3499.8 -11.3 4 0 5.8 9.3 5.0 2.5 2 1 2 3 3
-3883.2 3524.2 -11.4 169 0 6.6 7.2 5.0 2.5 2 1 2 4 4
-4161.1 3174.0 -6.1 27 0 10.2 10.6 10.0 2.5 4 1 4 2 2
-4230.8 3066.5 -7.8 134 0 29.4 31.6 12.5 0.0 0 1 5 0 0
-4212.0 3239.7 -5.8 284 0 7.7 34.5 7.5 2.5 4 1 3 3 3
-4261.3 3139.8 -5.7 116 0 24.3 22.7 7.5 0.0 0 0 3 4 4
-4285.2 3151.0 -5.2 103 0 10.9 20.3 7.5 2.5 2 1 3 1 1
-4224.4 3162.4 -5.5 90 0 14.8 31.4 10.0 2.5 2 1 4 2 2
-4268.2 3173.7 -5.3 115 0 33.3 31.0 10.0 2.5 2 0 4 1 1
-4246.2 3221.5 -5.4 288 0 23.6 13.8 5.0 0.0 0 0 2 2 2
-4357.9 3223.2 -4.4 162 0 12.9 19.1 7.5 2.5 2 1 3 0 0
-4263.9 3244.0 -5.3 288 0 16.8 30.7 10.0 2.5 2 1 4 4 4
-4284.3 3241.1 -5.1 274 0 16.3 23.7 7.5 2.5 2 1 3 5 5
-4300.8 3250.5 -5.0 284 0 17.0 28.8 10.0 2.5 2 1 4 5 5
-4345.6 3233.1 -4.7 102 0 14.5 25.6 10.0 2.5 2 1 4 0 0
-4365.1 3280.5 -4.9 177 0 10.2 16.8 2.5 2.5 2 1 1 1 1
-4393.8 3148.8 -4.8 99 0 23.6 13.8 7.5 2.5 2 0 3 5 5
-4418.2 3154.5 -4.8 102 0 20.6 13.9 10.0 2.5 2 0 4 4 4
-4450.7 3132.2 -5.1 11 0 13.7 14.0 7.5 2.5 2 1 3 0 0
-4463.2 3105.4 -5.3 0 0 13.9 14.7 10.0 2.5 2 1 4 0 0
-4476.8 3245.8 -5.4 192 0 17.8 21.9 12.5 2.5 2 1 5 0 0
-4495.9 3194.8 -5.6 195 0 11.2 13.9 5.0 2.5 2 1 2 1 1
-4466.3 3211.6 -5.2 190 0 25.1 8.3 7.5 2.5 2 0 3 0 0
-4413.2 3218.1 -4.7 277 0 21.5 29.1 15.0 0.0 0 1 6 3 3
-4402.1 3236.3 -4.7 354 0 23.7 26.8 7.5 0.0 0 1 3 2 2
-4397.5 3256.1 -4.8 1 0 10.1 33.5 12.5 2.5 2 1 5 3 3
-4451.1 3274.2 -5.2 185 0 8.7 11.1 5.0 2.5 2 1 2 1 1
-4409.4 3268.9 -4.9 6 0 9.7 28.5 7.5 2.5 2 1 3 1 1
-4417.0 3319.6 -5.4 149 0 10.7 18.2 7.5 2.5 4 1 3 0 0
-4463.9 3318.5 -5.5 15 0 32.1 16.9 7.5 2.5 2 0 3 4 4
-4425.2 3328.9 -5.5 159 0 8.0 21.0 7.5 2.5 2 1 3 5 5
-4434.8 3350.5 -5.9 161 0 13.0 24.6 7.5 2.5 2 1 3 5 5
-4449.4 3364.3 -5.7 161 0 16.9 9.2 7.5 2.5 2 0 3 5 5
-4479.2 3285.3 -5.6 18 0 23.6 18.5 12.5 2.5 2 0 5 3 3
-4528.8 3336.8 -6.4 287 0 13.9 15.2 5.0 2.5 2 1 2 1 1
-4515.5 3333.3 -6.0 285 0 10.5 15.2 7.5 2.5 2 1 3 2 2
-4505.5 3233.6 -5.7 18 0 11.4 12.3 5.0 2.5 2 1 2 1 1
-4491.4 3265.7 -5.7 16 0 7.3 13.6 2.5 2.5 2 1 1 3 3
-4497.7 3249.9 -5.7 17 0 12.9 15.5 10.0 2.5 2 1 4 5 5
-4510.4 3215.8 -5.8 9 0 19.0 11.9 2.5 2.5 2 0 1 2 2
-4527.2 3217.0 -5.9 9 0 19.8 9.6 2.5 2.5 2 0 1 2 2
-4539.5 3220.1 -6.7 17 0 18.1 28.9 15.0 0.0 0 1 6 0 0
-4538.3 3315.1 -6.5 284 0 10.1 12.6 5.0 2.5 2 1 2 4 4
-4527.3 3313.1 -6.2 284 0 9.1 12.3 7.5 2.5 2 1 3 2 2
-4561.0 3324.2 -6.9 283 0 13.2 16.9 5.0 2.5 2 1 2 0 0
-4597.4 3247.9 -6.8 106 0 8.7 14.6 7.5 2.5 2 1 3 4 4
-4623.8 3256.7 -6.8 103 0 7.8 13.1 5.0 2.5 2 1 2 5 5
-4608.0 3284.7 -6.8 104 0 11.1 14.7 5.0 2.5 2 1 2 0 0
-4596.1 3267.5 -6.8 101 0 10.9 10.0 5.0 0.0 0 0 2 1 1
-4584.3 3266.3 -6.8 98 0 7.1 8.5 7.5 2.5 2 1 3 1 1
-4572.5 3274.2 -6.8 102 0 6.2 12.0 2.5 2.5 2 1 1 4 4
-4580.7 3297.2 -6.9 288 0 11.2 19.3 7.5 2.5 2 1 3 0 0
-4618.2 3355.9 -6.9 281 0 9.3 13.8 5.0 2.5 2 1 2 3 3
-4582.6 3327.6 -6.9 285 0 27.1 13.7 5.0 2.5 2 0 2 0 0
-4606.1 3330.7 -6.9 283 0 11.8 11.6 5.0 0.0 0 0 2 3 3
-4615.7 3313.4 -6.9 193 0 11.1 10.3 2.5 2.5 4 0 1 2 2
-4643.8 3299.2 -6.8 197 0 13.6 10.7 7.5 2.5 2 0 3 2 2
-4643.0 3279.9 -6.8 100 0 10.3 10.4 5.0 2.5 4 1 2 2 2
-4685.1 3158.1 -6.6 103 0 7.7 22.6 7.5 0.0 0 1 3 0 0
-4652.8 3163.9 -6.6 100 0 20.2 11.5 10.0 2.5 2 0 4 4 4
-4667.0 3188.5 -6.7 185 0 11.3 20.5 10.0 2.5 2 1 4 3 3
-4638.1 3192.9 -6.7 192 0 12.5 32.1 12.5 2.5 2 1 5 0 0
-4613.0 2812.7 -6.0 13 0 25.2 11.9 10.0 2.5 2 0 4 2 2
-4610.0 2847.1 -6.0 285 0 12.6 15.4 7.5 0.0 0 1 3 1 1
-4645.5 2763.1 -5.7 100 0 22.3 10.5 7.5 2.5 2 0 3 2 2
-4487.3 2764.7 -7.2 103 0 10.3 22.1 7.5 2.5 2 1 3 4 4
-4514.4 2791.7 -7.0 180 0 7.8 7.3 5.0 2.5 2 0 2 2 2
-4478.4 2730.7 -7.2 104 0 6.8 9.1 5.0 2.5 2 1 2 5 5
-4513.6 2736.1 -6.9 103 0 8.9 7.7 2.5 2.5 2 0 1 4 4
-4504.8 2806.0 -7.1 188 0 7.0 15.6 2.5 2.5 2 1 1 1 1
-4449.4 2837.7 -7.3 287 0 11.4 8.9 5.0 2.5 2 0 2 3 3
-4463.6 2803.7 -7.4 276 0 13.7 11.3 7.5 2.5 2 0 3 2 2
-4467.1 2741.5 -7.3 102 0 8.4 7.6 2.5 2.5 4 0 1 4 4
-4419.1 2786.7 -7.7 13 0 16.2 16.9 7.5 2.5 2 1 3 3 3
-4417.5 2828.1 -7.6 280 0 10.3 28.2 7.5 2.5 2 1 3 1 1
-4402.3 2779.3 -7.9 13 0 12.6 12.4 5.0 2.5 2 0 2 5 5
-4396.6 2797.7 -7.8 11 0 18.9 13.0 7.5 2.5 2 0 3 4 4
-4182.7 3417.4 -7.6 102 0 21.4 12.0 10.0 2.5 2 0 4 1 1
-4596.6 3810.7 -10.3 272 0 18.1 12.7 2.5 2.5 2 0 1 1 1
-4656.1 3784.1 -10.2 99 0 8.7 11.2 7.5 2.5 2 1 3 0 0
-4724.7 3884.3 -11.2 100 0 11.2 41.5 10.0 0.0 0 1 4 3 3
-4696.0 3921.4 -11.2 281 0 20.1 19.4 10.0 0.0 0 0 4 0 0
-4667.8 3894.9 -11.0 17 0 9.3 16.5 5.0 2.5 2 1 2 1 1
