-5359.7 409.1 -23.4 21 0 19.3 23.6 14.0 3.5 2 1 4 0 0
-5417.5 463.6 -23.2 200 0 29.8 16.2 14.0 3.5 2 0 4 1 1
-5294.4 452.5 -24.2 12 0 18.7 16.6 14.0 3.5 2 0 4 5 5
-5322.4 486.7 -24.2 106 0 17.0 29.1 14.0 0.0 0 1 4 5 5
-5400.0 714.7 -24.0 180 0 19.9 27.5 14.0 3.5 2 1 4 2 2
-4976.4 1395.1 -28.0 95 0 30.2 13.4 10.5 3.5 2 0 3 1 1
-5020.1 1293.0 -28.5 181 0 24.3 26.5 14.0 0.0 0 1 4 5 5
-4981.4 1344.3 -28.6 184 0 55.3 25.9 10.5 3.5 2 0 3 0 0
-4974.6 1297.9 -28.8 273 0 27.4 18.7 14.0 3.5 2 0 4 3 3
-5021.5 1265.8 -28.9 182 0 9.3 58.0 10.5 3.5 2 1 3 0 0
-4960.2 1383.8 -28.2 272 0 28.9 10.3 10.5 3.5 2 0 3 5 5
-4992.0 1186.4 -28.9 91 0 12.4 42.8 14.0 3.5 2 1 4 5 5
-5064.2 1407.0 -27.5 180 0 11.0 40.7 14.0 3.5 2 1 4 0 0
-5080.6 1212.2 -28.4 270 0 16.5 44.6 14.0 3.5 2 1 4 3 3
-5081.2 1151.9 -27.8 90 0 30.6 7.3 10.5 0.0 0 0 3 1 1
-5106.4 1154.1 -28.1 90 0 13.7 62.9 14.0 3.5 2 1 4 5 5
-5037.5 1560.5 -29.6 79 0 14.9 49.2 14.0 3.5 2 1 4 2 2
-5008.4 1428.2 -27.8 178 0 11.8 39.2 10.5 3.5 2 1 3 0 0
-5054.5 1376.5 -27.4 4 0 15.0 8.1 10.5 3.5 4 0 3 0 0
-6230.8 -604.9 -20.2 153 0 6.8 11.2 10.5 0.0 0 1 3 2 2
-6156.1 -533.0 -19.1 328 0 29.3 24.6 17.5 0.0 0 0 5 0 0
-6111.6 -605.3 -19.9 328 0 29.3 24.6 17.5 0.0 0 0 5 2 2
-5631.8 321.1 -21.9 329 0 5.2 8.2 10.5 0.0 0 1 3 2 2
-5647.1 247.1 -21.8 218 0 5.1 8.2 10.5 0.0 0 1 3 2 2
-5594.3 240.7 -21.9 245 0 5.1 8.2 10.5 0.0 0 1 3 3 3
-5661.3 319.8 -22.0 107 0 5.1 8.2 10.5 0.0 0 1 3 1 1
-5641.0 232.2 -21.8 107 0 5.1 8.2 10.5 0.0 0 1 3 1 1
-5635.3 253.7 -21.8 273 0 5.1 8.2 10.5 0.0 0 1 3 4 4
-5217.9 -24.3 -23.4 95 0 17.7 4.9 10.5 3.5 2 0 3 3 3
-5197.9 0.3 -23.5 275 0 14.7 9.9 10.5 3.5 2 0 3 4 4
-5629.3 311.8 -21.9 337 0 7.4 7.7 10.5 3.5 4 1 3 5 5
-5775.6 250.0 -21.1 10 0 19.9 6.8 10.5 3.5 2 0 3 1 1
-5596.2 307.9 -21.9 337 0 7.4 7.7 10.5 3.5 2 1 3 1 1
-5606.3 239.4 -21.9 275 0 7.7 7.4 10.5 3.5 2 0 3 1 1
-5787.7 322.2 -21.5 281 0 26.9 46.1 10.5 0.0 0 1 3 0 0
-5821.9 304.8 -21.6 191 0 46.3 14.0 10.5 3.5 4 0 3 4 4
-5280.5 -85.0 -22.7 185 0 32.6 32.2 14.0 0.0 0 0 4 3 3
-5618.2 308.3 -21.9 157 0 7.4 7.8 10.5 3.5 2 1 3 4 4
-5465.9 440.9 -22.6 21 0 13.2 17.8 14.0 3.5 2 1 4 5 5
-5657.9 395.5 -22.4 290 0 37.7 42.4 10.5 3.5 2 0 3 1 1
-5714.2 161.7 -22.0 81 0 9.9 38.7 10.5 3.5 2 1 3 3 3
-5377.0 -109.1 -22.1 188 0 91.7 14.0 10.5 3.5 2 0 3 4 4
-5270.3 32.9 -22.9 3 0 37.6 16.2 14.0 3.5 2 0 4 1 1
-5281.8 -10.2 -22.9 95 0 13.7 15.5 14.0 3.5 2 1 4 1 1
-5206.4 -155.8 -23.1 94 0 61.9 31.3 14.0 0.0 0 0 4 3 3
-5310.3 -8.6 -22.8 93 0 12.5 13.5 14.0 0.0 0 1 4 5 5
-6276.0 -1111.9 -17.9 345 0 4.6 7.6 10.5 0.0 0 1 3 2 2
-6275.1 -984.4 -18.5 264 0 7.8 19.4 10.5 3.5 2 1 3 3 3
-6523.9 -4552.7 0.6 267 0 8.9 6.9 10.5 3.5 2 0 3 2 2
-6169.4 -4500.4 -3.0 88 0 25.1 38.0 14.0 0.0 0 1 4 5 5
-6103.5 -4290.6 -2.8 180 0 4.3 7.1 10.5 0.0 0 1 3 0 0
-5852.9 -4274.8 -6.1 273 0 11.2 25.1 7.5 2.5 2 1 3 3 3
-6151.8 -4170.2 -2.8 0 0 29.4 10.9 14.0 3.5 2 0 4 2 2
-5856.7 -4331.0 -6.4 93 0 11.3 25.1 7.5 2.5 2 1 3 5 5
-5834.4 -4619.5 -3.6 358 0 5.2 20.6 10.5 3.5 2 1 3 4 4
-6369.6 -4628.1 -0.1 7 0 11.1 9.7 10.5 3.5 2 0 3 1 1
-6411.3 -4515.9 -0.3 282 0 9.3 61.3 10.5 3.5 2 1 3 0 0
-6393.9 -4615.8 -0.1 95 0 9.3 17.5 10.5 3.5 2 1 3 3 3
-6223.4 -4591.8 -1.3 88 0 11.5 22.6 7.5 2.5 2 1 3 2 2
-5789.1 -6058.2 1.7 148 0 56.5 6.7 7.5 0.0 0 0 3 4 4
-5724.7 -5993.7 1.7 272 0 16.9 116.4 10.0 0.0 0 1 4 2 2
-5784.5 -6034.7 1.8 238 0 9.2 40.4 7.5 2.5 2 1 3 5 5
-5843.2 -5999.9 1.5 158 0 25.0 17.8 10.0 2.5 2 0 4 3 3
-5682.1 -5996.9 1.8 274 0 17.5 114.8 10.0 0.0 0 1 4 5 5
-6757.9 -6559.5 18.9 77 0 21.0 27.4 7.5 0.0 0 1 3 2 2
-6565.3 -6136.0 11.6 251 0 10.5 46.4 10.0 0.0 0 1 4 3 3
-6913.9 -6451.8 19.7 75 0 25.6 8.7 7.5 2.5 2 0 3 2 2
-6892.2 -6490.1 19.4 345 0 5.1 6.7 7.5 2.5 4 1 3 1 1
-6852.8 -6618.2 20.2 260 0 11.1 16.9 5.0 2.5 2 1 2 3 3
-6889.4 -6500.0 19.2 345 0 5.1 6.7 7.5 2.5 2 1 3 3 3
-6829.4 -6612.8 20.3 258 0 12.9 19.3 10.0 2.5 2 1 4 0 0
-6902.7 -6479.3 19.6 165 0 5.1 6.7 2.5 2.5 2 1 1 1 1
-6839.7 -6382.9 17.3 348 0 8.3 8.2 7.5 2.5 2 0 3 3 3
-6910.0 -6425.7 19.3 166 0 5.9 11.0 5.0 0.0 0 1 2 4 4
-6838.3 -6172.9 14.7 257 0 13.4 27.1 7.5 0.0 0 1 3 2 2
-6896.1 -5798.1 13.7 167 0 19.2 9.2 2.5 2.5 2 0 1 4 4
-6908.3 -5751.6 14.1 166 0 25.2 10.9 12.5 2.5 2 0 5 2 2
-6858.2 -5398.0 8.8 352 0 12.3 10.9 5.0 2.5 2 0 2 5 5
-6853.3 -4811.1 4.9 346 0 16.3 6.2 10.5 3.5 2 0 3 2 2
-6874.4 -5051.4 7.0 78 0 9.6 19.2 2.5 2.5 2 1 1 0 0
-6901.4 -4968.6 7.8 204 0 15.1 9.1 5.0 2.5 4 0 2 5 5
-6350.8 -6628.1 12.5 174 0 5.4 11.9 2.5 2.5 2 1 1 3 3
-6316.5 -6315.4 9.9 84 0 18.7 25.9 10.0 2.5 2 1 4 2 2
-6351.2 -6673.0 13.2 259 0 17.8 13.9 5.0 2.5 2 0 2 0 0
-6352.9 -6647.3 12.9 353 0 20.3 15.3 7.5 0.0 0 0 3 4 4
-6342.2 -5121.3 0.9 89 0 10.1 31.2 10.5 3.5 2 1 3 5 5
-6453.8 -5029.7 1.7 88 0 12.0 36.3 14.0 3.5 2 1 4 5 5
-6412.5 -5131.2 1.5 89 0 10.6 73.2 10.5 3.5 2 1 3 0 0
-6583.9 -4477.2 0.8 265 0 7.4 55.1 10.5 3.5 2 1 3 4 4
-6378.5 -5026.4 1.0 179 0 31.2 10.1 10.5 3.5 2 0 3 5 5
-6372.5 -5121.1 1.2 89 0 10.1 31.2 10.5 3.5 2 1 3 3 3
-6363.1 -4978.7 0.3 179 0 31.4 21.3 10.5 0.0 0 0 3 2 2
-6378.5 -4976.3 0.5 179 0 31.2 10.1 10.5 3.5 2 0 3 1 1
-6346.2 -5032.4 0.8 0 0 10.1 10.6 10.5 3.5 2 1 3 4 4
-6371.4 -5157.5 1.0 87 0 10.0 11.2 10.5 3.5 2 1 3 2 2
-6361.1 -5167.4 0.7 89 0 4.9 8.1 10.5 0.0 0 1 3 1 1
-6370.9 -5129.5 1.1 269 0 13.5 14.6 10.5 3.5 2 1 3 5 5
-6377.2 -5062.2 1.0 178 0 12.1 16.2 10.5 3.5 2 1 3 1 1
-6419.0 -4976.9 0.8 179 0 31.2 10.1 10.5 3.5 2 0 3 4 4
-6479.0 -4922.1 1.2 87 0 21.1 33.9 14.0 0.0 0 1 4 2 2
-6379.9 -4943.4 0.4 179 0 20.3 10.8 10.5 3.5 2 0 3 5 5
-6419.7 -4940.8 0.8 179 0 27.4 10.5 10.5 3.5 4 0 3 5 5
-6380.4 -4917.0 0.4 179 0 17.6 12.1 10.5 3.5 2 0 3 5 5
-6470.6 -4996.4 1.9 270 0 4.1 26.4 10.5 3.5 2 1 3 5 5
-6393.3 -5170.0 0.9 89 0 17.8 8.9 10.5 3.5 2 0 3 1 1
-6420.7 -4916.1 0.7 179 0 16.0 10.4 10.5 3.5 2 0 3 5 5
-6505.5 -4527.1 0.1 176 0 11.1 22.0 14.0 3.5 2 1 4 0 0
-6419.0 -5027.0 1.4 179 0 31.2 10.1 10.5 3.5 2 0 3 5 5
-6911.5 -4771.5 6.9 162 0 22.6 11.3 14.0 3.5 2 0 4 5 5
-6445.3 -5132.0 1.9 357 0 7.2 29.8 10.5 3.5 2 1 3 0 0
-6580.5 -4721.6 1.6 177 0 14.8 36.2 14.0 3.5 2 1 4 2 2
-6499.3 -4709.9 1.2 94 0 8.4 32.8 10.5 0.0 0 1 3 3 3
-6523.5 -4726.7 1.4 88 0 35.2 15.0 14.0 3.5 2 0 4 0 0
-6569.6 -4644.9 1.2 111 0 12.1 15.9 14.0 3.5 2 1 4 4 4
-6538.2 -4647.8 1.0 111 0 12.1 15.9 14.0 3.5 2 1 4 2 2
-5732.5 -14.8 -21.1 179 0 11.9 17.0 14.0 3.5 2 1 4 5 5
-5700.0 45.4 -21.5 359 0 10.5 17.3 14.0 3.5 2 1 4 1 1
-5737.3 43.4 -21.4 175 0 11.4 17.8 14.0 3.5 2 1 4 0 0
-5707.0 26.8 -21.4 88 0 17.9 10.6 14.0 3.5 2 0 4 2 2
-5783.6 109.4 -21.5 177 0 11.7 15.6 14.0 3.5 2 1 4 2 2
-5795.0 89.4 -20.8 356 0 13.1 22.3 14.0 3.5 2 1 4 5 5
-5792.4 63.3 -21.2 358 0 11.8 18.0 14.0 3.5 2 1 4 3 3
-5875.2 58.0 -20.3 174 0 12.6 17.8 14.0 3.5 2 1 4 1 1
-5834.4 -9.1 -20.5 358 0 11.6 17.6 14.0 3.5 2 1 4 1 1
-5832.1 -32.5 -20.8 358 0 11.7 17.5 14.0 3.5 2 1 4 1 1
-5830.9 -52.8 -21.1 358 0 25.4 17.8 14.0 3.5 2 0 4 4 4
-5822.7 -33.0 -21.2 176 0 11.4 17.1 14.0 3.5 2 1 4 2 2
-5781.5 -92.0 -21.1 357 0 11.5 19.5 14.0 3.5 2 1 4 4 4
-5752.8 11.5 -21.3 87 0 20.2 12.9 14.0 3.5 2 0 4 4 4
-5740.8 -26.5 -21.2 356 0 13.1 19.1 10.5 3.5 2 1 3 2 2
-5777.7 -5.2 -21.3 178 0 13.4 17.9 10.5 3.5 4 1 3 1 1
-5690.6 -828.3 -19.8 267 0 10.1 12.7 14.0 3.5 2 1 4 2 2
-5701.2 -874.1 -19.6 90 0 15.9 19.2 14.0 3.5 2 1 4 3 3
-5607.8 -792.7 -19.4 181 0 18.9 12.1 14.0 3.5 4 0 4 2 2
-5617.2 -900.7 -19.5 178 0 13.7 21.2 14.0 3.5 2 1 4 5 5
-5523.1 -932.4 -19.5 181 0 14.8 13.6 14.0 3.5 2 0 4 2 2
-5523.6 -946.9 -19.4 178 0 8.4 13.3 10.5 3.5 2 1 3 0 0
-5558.2 -983.2 -19.2 92 0 17.2 16.4 10.5 3.5 2 0 3 3 3
-5530.8 -969.0 -19.2 0 0 11.5 14.4 10.5 3.5 2 1 3 0 0
-5494.6 -1011.4 -19.1 358 0 10.8 13.7 14.0 3.5 2 1 4 1 1
-5523.6 -1010.2 -19.1 178 0 15.0 13.0 14.0 0.0 0 0 4 1 1
-5515.9 -1055.7 -18.8 270 0 11.5 17.1 14.0 3.5 2 1 4 5 5
-5538.7 -1000.7 -19.1 91 0 15.5 15.1 10.5 3.5 4 0 3 5 5
-5563.8 -1049.1 -18.9 91 0 8.1 18.0 10.5 3.5 2 1 3 5 5
-5484.8 -1314.8 -18.0 90 0 37.8 25.3 14.0 0.0 0 0 4 3 3
-5646.4 -1463.9 -16.9 178 0 20.6 12.0 14.0 3.5 2 0 4 4 4
-5643.3 -1573.3 -16.1 179 0 8.9 15.1 10.5 3.5 2 1 3 2 2
-5679.5 -1670.9 -15.4 263 0 11.0 23.9 17.5 3.5 2 1 5 0 0
-5735.8 -1741.8 -15.0 256 0 15.3 24.8 14.0 3.5 2 1 4 3 3
-6497.9 -1834.4 -15.7 179 0 15.5 15.7 14.0 0.0 0 1 4 0 0
