4684.5 -4765.5 -4.2 174 0 20.6 13.6 5.0 2.5 2 0 2 4 4
4912.9 -4650.7 -3.8 3 0 7.8 11.6 7.5 2.5 2 1 3 2 2
4899.7 -4778.1 -3.5 91 0 18.3 14.4 10.0 2.5 2 0 4 5 5
4989.7 -4834.3 -3.0 96 0 8.9 6.6 5.0 2.5 2 0 2 2 2
4937.6 -4764.7 -3.3 0 0 7.4 9.4 7.5 2.5 2 1 3 0 0
4654.2 -4841.3 -4.1 85 0 15.4 5.3 2.5 2.5 2 0 1 2 2
4718.0 -4705.2 -4.3 264 0 18.7 23.8 10.0 2.5 2 1 4 3 3
4758.5 -4759.5 -4.0 352 0 12.6 17.2 7.5 2.5 2 1 3 1 1
4760.6 -4776.4 -4.0 354 0 15.4 17.3 7.5 2.5 2 1 3 3 3
4690.3 -4824.2 -4.0 178 0 5.1 10.3 7.5 2.5 4 1 3 0 0
4718.0 -4821.5 -3.9 354 0 5.2 15.8 2.5 2.5 2 1 1 5 5
4737.3 -4852.2 -3.7 89 0 7.9 6.8 5.0 2.5 2 0 2 5 5
4758.8 -4854.4 -3.7 87 0 14.3 6.5 5.0 2.5 2 0 2 2 2
4734.5 -4860.5 -3.7 92 0 16.6 7.2 2.5 2.5 2 0 1 4 4
4757.3 -4878.9 -3.5 271 0 13.4 9.0 5.0 2.5 2 0 2 1 1
