30.9 -1274.5 -6.2 90 0 6.8 25.5 10.5 3.5 2 1 3 0 0
76.6 -1147.6 -8.2 175 0 8.3 21.4 10.5 3.5 2 1 3 1 1
6.9 -1275.3 -6.0 90 0 6.6 36.4 10.5 3.5 2 1 3 4 4
79.9 -1269.7 -6.9 183 0 9.6 38.5 10.5 3.5 2 1 3 5 5
45.8 -1274.5 -6.3 91 0 10.1 20.3 10.5 3.5 2 1 3 3 3
86.1 -1130.5 -8.3 177 0 5.1 9.7 10.5 3.5 2 1 3 0 0
93.8 -1567.9 -4.2 187 0 5.7 6.8 10.5 3.5 2 1 3 1 1
69.7 -1147.7 -7.9 181 0 8.2 6.4 10.5 3.5 2 0 3 0 0
71.3 -1098.4 -8.9 177 0 12.3 40.7 10.5 0.0 0 1 3 1 1
57.7 -1153.9 -7.8 1 0 42.0 15.3 10.5 3.5 2 0 3 5 5
106.5 -1570.9 -4.3 92 0 8.8 5.2 10.5 3.5 2 0 3 2 2
84.0 -1253.0 -6.9 190 0 15.4 9.7 10.5 3.5 2 0 3 2 2
15.5 -1276.1 -6.1 91 0 7.6 36.2 10.5 3.5 2 1 3 3 3
106.7 -1564.9 -4.4 93 0 9.3 12.4 10.5 3.5 2 1 3 4 4
67.6 -1195.8 -7.6 179 0 10.9 29.2 10.5 3.5 2 1 3 0 0
57.0 -1180.9 -7.3 359 0 9.8 13.0 10.5 3.5 2 1 3 4 4
68.9 -1183.4 -7.6 179 0 10.1 21.5 10.5 3.5 2 1 3 1 1
115.9 -1397.5 -5.9 183 0 11.2 7.7 10.5 3.5 2 0 3 5 5
88.1 -1109.9 -8.7 177 0 4.2 17.7 10.5 3.5 2 1 3 3 3
107.1 -1215.9 -7.7 185 0 11.3 22.7 10.5 3.5 2 1 3 2 2
98.6 -1171.3 -8.0 180 0 13.5 13.0 10.5 3.5 2 0 3 2 2
86.6 -1232.0 -7.2 186 0 25.1 9.5 10.5 3.5 2 0 3 3 3
41.8 -1089.5 -8.6 266 0 9.2 19.3 10.5 3.5 2 1 3 0 0
69.0 -1132.9 -8.2 176 0 5.1 16.3 10.5 3.5 2 1 3 4 4
77.3 -1411.5 -5.5 182 0 4.1 15.4 10.5 3.5 2 1 3 1 1
105.0 -1437.8 -5.6 95 0 12.9 13.1 10.5 3.5 2 1 3 4 4
93.4 -1393.4 -5.7 181 0 14.1 8.8 10.5 3.5 2 0 3 2 2
89.1 -1437.0 -5.4 92 0 6.5 10.1 10.5 3.5 2 1 3 3 3
76.8 -1404.5 -5.5 180 0 5.3 15.3 10.5 3.5 4 1 3 2 2
77.6 -1398.0 -5.5 180 0 5.1 14.2 10.5 3.5 4 1 3 5 5
102.8 -1421.9 -5.7 95 0 10.6 13.8 10.5 3.5 2 1 3 2 2
173.7 -1584.1 -4.7 1 0 7.5 10.8 10.5 3.5 2 1 3 1 1
156.0 -1561.2 -4.8 6 0 10.5 7.0 10.5 3.5 2 0 3 0 0
151.6 -1526.3 -5.1 0 0 11.9 6.2 10.5 3.5 2 0 3 0 0
150.7 -1489.5 -5.4 2 0 15.6 4.2 10.5 3.5 2 0 3 5 5
162.7 -1256.0 -7.6 5 0 6.2 8.7 10.5 3.5 4 1 3 1 1
159.3 -1251.2 -7.7 93 0 8.2 11.3 10.5 3.5 2 1 3 3 3
150.4 -1250.7 -7.7 97 0 6.6 13.7 10.5 3.5 2 1 3 4 4
150.3 -1224.9 -8.0 185 0 16.4 12.6 10.5 3.5 2 0 3 3 3
151.8 -1199.8 -8.3 183 0 10.0 12.8 10.5 3.5 2 1 3 4 4
176.5 -1564.1 -4.9 357 0 6.2 11.4 10.5 3.5 2 1 3 0 0
175.3 -1542.2 -5.2 1 0 11.7 6.9 10.5 3.5 2 0 3 2 2
185.8 -1458.4 -6.0 272 0 8.1 11.1 10.5 3.5 4 1 3 2 2
186.3 -1327.2 -7.0 359 0 9.9 9.3 10.5 3.5 2 0 3 5 5
178.2 -1284.9 -7.7 94 0 6.9 22.7 10.5 0.0 0 1 3 3 3
180.5 -1252.9 -7.9 93 0 6.2 12.1 10.5 0.0 0 1 3 1 1
183.5 -1256.8 -7.8 2 0 5.2 9.5 10.5 3.5 2 1 3 4 4
174.0 -1279.7 -7.4 3 0 10.2 5.5 10.5 3.5 2 0 3 2 2
173.8 -1268.6 -7.5 1 0 5.5 8.8 10.5 3.5 2 1 3 5 5
200.1 -1195.1 -8.8 2 0 17.1 30.8 10.5 3.5 2 1 3 3 3
176.9 -1141.4 -9.1 0 0 5.1 6.9 10.5 3.5 2 1 3 1 1
262.1 -1669.1 -4.9 179 0 6.4 11.4 7.5 2.5 4 1 3 0 0
263.2 -1661.1 -5.0 181 0 7.6 10.3 2.5 2.5 4 1 1 1 1
261.3 -1602.3 -5.4 273 0 5.6 7.5 2.5 2.5 4 1 1 0 0
272.1 -1364.7 -7.7 94 0 16.5 5.9 10.5 3.5 2 0 3 3 3
273.4 -1319.4 -8.0 273 0 8.9 7.8 10.5 3.5 2 0 3 1 1
260.9 -1391.3 -7.5 93 0 11.1 15.6 10.5 3.5 2 1 3 5 5
256.1 -1374.5 -7.5 95 0 11.4 15.4 10.5 3.5 2 1 3 3 3
313.0 -1221.6 -9.7 347 0 7.2 42.2 10.5 3.5 2 1 3 0 0
272.1 -1284.4 -8.7 77 0 10.2 20.8 10.5 3.5 2 1 3 5 5
253.1 -1336.2 -7.6 273 0 12.5 13.8 10.5 3.5 4 1 3 2 2
267.6 -1197.5 -9.5 253 0 6.6 8.1 10.5 3.5 2 1 3 5 5
266.1 -1262.0 -8.9 77 0 11.5 21.3 10.5 0.0 0 1 3 2 2
262.9 -1236.9 -9.0 77 0 7.2 9.4 10.5 3.5 2 1 3 5 5
263.0 -1186.6 -9.6 256 0 7.5 7.8 10.5 3.5 2 1 3 0 0
284.7 -1643.3 -5.3 2 0 9.2 6.0 5.0 2.5 2 0 2 4 4
321.3 -1295.7 -8.9 269 0 6.2 6.2 10.5 3.5 2 0 3 4 4
312.3 -1357.0 -8.1 282 0 16.3 5.0 10.5 3.5 2 0 3 2 2
316.7 -1313.4 -8.6 273 0 13.3 10.7 10.5 3.5 2 0 3 2 2
338.4 -1246.8 -9.8 75 0 16.8 23.1 10.5 3.5 2 1 3 1 1
312.8 -1302.7 -8.7 272 0 8.0 9.7 10.5 3.5 4 1 3 5 5
318.8 -1284.3 -9.2 78 0 17.7 11.9 10.5 3.5 4 0 3 5 5
282.3 -1401.4 -7.6 184 0 8.0 14.8 10.5 3.5 2 1 3 5 5
312.1 -1197.6 -9.8 256 0 8.1 25.6 10.5 3.5 2 1 3 5 5
288.7 -1295.5 -8.5 275 0 13.5 28.6 10.5 3.5 2 1 3 1 1
292.7 -1247.1 -9.3 78 0 11.9 9.7 10.5 3.5 2 0 3 2 2
146.9 -1282.1 -7.2 92 0 5.8 11.6 10.5 3.5 2 1 3 4 4
144.3 -1341.1 -6.4 351 0 15.0 4.0 10.5 3.5 2 0 3 1 1
148.7 -1167.3 -8.5 0 0 5.6 12.3 10.5 3.5 2 1 3 0 0
136.1 -1177.9 -8.3 178 0 4.7 13.2 10.5 3.5 2 1 3 1 1
135.8 -1193.2 -8.1 186 0 4.7 11.6 10.5 3.5 2 1 3 1 1
139.4 -1567.7 -4.7 94 0 8.6 13.5 10.5 3.5 2 1 3 1 1
135.3 -1204.5 -8.0 187 0 5.4 12.0 10.5 3.5 2 1 3 3 3
135.3 -1518.2 -5.0 268 0 5.8 11.6 10.5 3.5 2 1 3 0 0
144.9 -1355.6 -6.2 2 0 8.8 12.7 10.5 3.5 4 1 3 2 2
138.3 -1583.5 -4.5 94 0 12.6 7.2 10.5 3.5 2 0 3 4 4
134.7 -1313.1 -6.6 264 0 6.3 17.1 10.5 3.5 2 1 3 4 4
128.4 -1239.5 -7.8 188 0 49.2 9.3 10.5 3.5 2 0 3 2 2
130.6 -1398.1 -6.0 1 0 10.8 5.3 10.5 3.5 2 0 3 3 3
122.6 -1144.2 -8.5 183 0 6.0 5.8 10.5 3.5 2 0 3 4 4
475.5 -1329.9 -9.0 359 0 10.8 7.8 10.5 0.0 0 0 3 1 1
471.7 -1289.1 -8.7 261 0 4.5 16.3 10.5 3.5 2 1 3 4 4
474.3 -1315.1 -9.5 0 0 6.6 13.2 10.5 3.5 2 1 3 0 0
466.8 -1328.4 -9.8 1 0 11.7 9.3 10.5 3.5 2 0 3 0 0
439.6 -1409.9 -9.1 91 0 5.8 14.8 10.5 3.5 2 1 3 2 2
465.5 -1242.6 -9.4 273 0 11.6 9.3 10.5 3.5 2 0 3 3 3
443.5 -1363.3 -9.5 93 0 8.6 8.7 10.5 3.5 2 1 3 5 5
463.7 -1157.6 -8.6 183 0 8.6 11.7 10.5 3.5 2 1 3 5 5
467.1 -1090.6 -8.1 182 0 6.9 12.4 10.5 0.0 0 1 3 3 3
452.3 -1138.8 -9.5 187 0 6.7 11.4 10.5 3.5 2 1 3 4 4
447.6 -1194.6 -10.1 183 0 6.7 12.5 10.5 3.5 2 1 3 3 3
439.8 -1522.4 -7.5 180 0 15.1 6.9 10.5 3.5 2 0 3 3 3
603.0 -1443.9 -6.9 178 0 9.7 8.6 10.5 3.5 2 0 3 4 4
646.1 -1150.7 3.6 358 0 10.8 8.3 10.5 3.5 2 0 3 0 0
599.8 -1365.3 -5.6 92 0 11.0 8.9 10.5 3.5 2 0 3 1 1
605.5 -1351.4 -5.0 3 0 8.1 10.7 10.5 3.5 2 1 3 2 2
585.0 -1363.6 -6.0 92 0 11.7 8.3 10.5 3.5 2 0 3 5 5
585.4 -1354.3 -5.5 93 0 11.3 7.9 10.5 3.5 4 0 3 0 0
592.4 -1332.8 -4.5 4 0 7.2 11.8 10.5 3.5 2 1 3 3 3
619.3 -1129.8 3.0 271 0 10.9 13.6 10.5 3.5 2 1 3 3 3
568.9 -1343.9 -5.4 93 0 5.5 17.8 10.5 0.0 0 1 3 5 5
593.3 -1083.8 2.3 268 0 5.7 15.1 10.5 3.5 2 1 3 4 4
563.8 -1264.3 -3.4 3 0 6.9 13.2 10.5 3.5 2 1 3 2 2
581.9 -1090.2 1.2 271 0 7.0 9.2 10.5 0.0 0 1 3 1 1
550.0 -1264.1 -3.6 3 0 7.6 4.3 10.5 3.5 2 0 3 4 4
575.0 -1083.2 0.7 270 0 5.0 14.9 10.5 3.5 2 1 3 5 5
549.6 -1123.5 -1.9 275 0 11.1 16.2 10.5 3.5 2 1 3 4 4
644.5 -1167.7 3.0 3 0 13.1 9.0 10.5 3.5 2 0 3 1 1
544.0 -1328.7 -5.7 94 0 8.3 11.1 10.5 3.5 2 1 3 1 1
733.7 -1466.9 -4.5 197 0 7.4 4.8 5.0 2.5 2 0 2 3 3
723.3 -1129.4 7.5 350 0 8.6 6.9 7.5 2.5 2 0 3 4 4
714.8 -1163.2 6.0 0 0 4.6 11.4 10.5 3.5 2 1 3 0 0
707.6 -1141.4 6.4 358 0 10.1 8.4 10.5 3.5 2 0 3 0 0
692.2 -1197.9 4.0 1 0 11.5 9.8 10.5 3.5 2 0 3 4 4
677.2 -1217.6 3.2 92 0 5.7 8.7 10.5 3.5 2 1 3 1 1
678.1 -1188.1 3.7 270 0 6.6 14.3 10.5 3.5 2 1 3 2 2
692.0 -1174.5 4.4 2 0 12.5 17.3 10.5 3.5 2 1 3 1 1
692.6 -1132.8 5.8 1 0 5.4 17.2 10.5 3.5 4 1 3 1 1
691.3 -1125.8 6.0 0 0 5.5 16.4 10.5 3.5 2 1 3 2 2
691.0 -1102.2 6.7 358 0 12.6 12.4 10.5 3.5 2 0 3 5 5
670.9 -1110.7 6.0 271 0 3.6 9.1 10.5 3.5 2 1 3 1 1
667.4 -1115.4 5.4 360 0 8.8 11.2 10.5 3.5 2 1 3 2 2
660.2 -1097.9 5.7 271 0 8.7 12.4 10.5 3.5 4 1 3 4 4
676.2 -1098.3 6.5 271 0 3.8 11.4 10.5 3.5 2 1 3 2 2
672.8 -1151.0 4.4 359 0 10.5 16.4 10.5 0.0 0 1 3 0 0
736.8 -1237.6 4.8 267 0 6.8 11.9 10.5 3.5 2 1 3 2 2
693.4 -1162.1 4.9 0 0 5.7 17.7 10.5 3.5 2 1 3 1 1
691.2 -1118.4 6.2 0 0 7.2 16.0 10.5 3.5 2 1 3 5 5
206.3 -1464.4 -6.3 180 0 6.8 10.8 10.5 0.0 0 1 3 4 4
208.2 -1451.9 -6.4 178 0 4.7 9.1 10.5 3.5 2 1 3 2 2
204.9 -1444.9 -6.4 179 0 6.7 10.8 10.5 3.5 2 1 3 1 1
189.2 -1480.0 -6.0 179 0 7.4 10.6 10.5 3.5 2 1 3 5 5
207.6 -1325.8 -7.3 178 0 4.4 8.1 10.5 3.5 4 1 3 2 2
204.7 -1289.0 -7.8 93 0 9.0 11.9 10.5 3.5 2 1 3 4 4
203.0 -1235.4 -8.4 95 0 3.4 11.5 10.5 3.5 4 1 3 4 4
206.8 -1254.6 -8.3 97 0 17.6 12.5 10.5 3.5 2 0 3 0 0
193.9 -1288.4 -7.7 94 0 10.5 16.4 10.5 3.5 2 1 3 4 4
215.0 -1182.2 -9.0 3 0 5.3 11.9 10.5 3.5 2 1 3 5 5
194.3 -1253.2 -8.1 96 0 6.2 11.0 10.5 3.5 2 1 3 1 1
186.2 -1273.1 -7.7 95 0 4.7 8.9 10.5 3.5 2 1 3 4 4
190.4 -1260.9 -7.9 90 0 10.3 5.9 10.5 3.5 2 0 3 4 4
746.9 -1127.6 8.9 153 0 5.4 9.0 2.5 2.5 2 1 1 1 1
780.0 -1136.6 9.6 345 0 4.3 7.9 7.5 2.5 2 1 3 1 1
744.3 -1142.0 8.4 154 0 8.9 6.4 5.0 2.5 2 0 2 5 5
759.4 -1157.8 8.5 154 0 9.6 8.5 5.0 0.0 0 0 2 4 4
756.3 -1169.6 8.0 155 0 9.4 5.8 7.5 2.5 4 0 3 5 5
756.5 -1198.7 6.7 359 0 7.2 8.8 10.5 3.5 2 1 3 4 4
784.1 -1437.5 6.3 17 0 17.0 10.7 7.5 2.5 4 0 3 2 2
752.8 -1543.6 5.6 190 0 8.9 6.0 5.0 2.5 2 0 2 4 4
782.1 -1156.5 9.2 335 0 7.2 5.7 5.0 2.5 2 0 2 0 0
765.1 -1581.9 10.2 8 0 8.2 4.0 5.0 2.5 2 0 2 0 0
749.9 -1100.9 9.9 162 0 4.7 15.2 2.5 2.5 2 1 1 0 0
779.1 -1452.9 8.1 15 0 8.8 5.3 7.5 2.5 2 0 3 0 0
781.2 -1142.3 9.6 346 0 4.8 6.2 7.5 2.5 2 1 3 5 5
763.2 -1559.1 7.6 14 0 9.0 6.6 2.5 2.5 2 0 1 4 4
766.3 -1175.8 8.3 159 0 7.8 8.3 7.5 2.5 2 1 3 2 2
784.0 -1285.3 4.6 360 0 20.6 8.1 10.5 3.5 4 0 3 5 5
764.7 -1188.2 7.8 154 0 8.1 18.1 7.5 2.5 4 1 3 1 1
772.7 -1112.1 10.1 341 0 4.8 7.9 2.5 2.5 2 1 1 4 4
776.5 -1125.2 9.8 346 0 6.0 8.8 5.0 2.5 2 1 2 3 3
245.7 -1446.3 -6.7 267 0 6.3 13.5 10.5 3.5 2 1 3 4 4
244.3 -1623.6 -5.1 180 0 9.9 5.3 7.5 2.5 2 0 3 5 5
487.2 -1525.3 -7.5 358 0 15.4 6.6 10.5 3.5 2 0 3 0 0
509.6 -1330.0 -7.1 92 0 4.7 8.9 10.5 3.5 2 1 3 3 3
493.3 -1426.2 -8.8 91 0 7.2 13.5 10.5 3.5 2 1 3 5 5
501.5 -1331.2 -7.5 90 0 9.8 10.7 10.5 3.5 2 1 3 4 4
494.5 -1275.0 -6.9 273 0 7.3 11.2 10.5 3.5 2 1 3 2 2
526.2 -1096.9 -3.7 274 0 11.2 9.0 10.5 3.5 4 0 3 5 5
526.6 -1088.4 -3.6 272 0 10.7 7.3 10.5 3.5 2 0 3 2 2
491.5 -1303.2 -7.5 92 0 13.4 15.6 10.5 3.5 2 1 3 3 3
499.8 -1145.4 -5.6 183 0 8.5 10.7 10.5 3.5 2 1 3 1 1
479.0 -1273.4 -8.3 274 0 7.8 12.2 10.5 3.5 2 1 3 5 5
495.7 -1129.4 -5.9 184 0 14.3 11.3 10.5 3.5 2 0 3 3 3
471.1 -1272.3 -8.7 267 0 4.5 14.5 10.5 3.5 2 1 3 2 2
508.8 -1078.1 -5.2 274 0 15.0 8.3 10.5 3.5 2 0 3 3 3
482.9 -1150.0 -7.0 182 0 7.4 12.7 10.5 0.0 0 1 3 0 0
484.1 -1107.4 -6.7 180 0 7.8 14.1 10.5 0.0 0 1 3 5 5
492.6 -1076.1 -6.5 276 0 13.3 8.5 10.5 3.5 2 0 3 0 0
496.9 -1256.5 -6.6 272 0 5.2 12.2 10.5 3.5 2 1 3 1 1
515.1 -1291.6 -6.2 1 0 6.3 12.5 10.5 3.5 2 1 3 3 3
481.0 -1178.1 -7.3 185 0 8.4 13.9 10.5 3.5 2 1 3 3 3
494.7 -1348.4 -8.3 100 0 5.6 15.6 10.5 3.5 2 1 3 3 3
487.7 -1315.6 -8.3 2 0 5.5 12.4 10.5 3.5 2 1 3 3 3
534.1 -1404.7 -8.4 5 0 13.3 12.9 10.5 3.5 2 0 3 1 1
491.6 -1341.9 -8.9 3 0 12.5 16.2 10.5 3.5 2 1 3 2 2
240.7 -1391.8 -7.2 92 0 5.5 11.6 10.5 3.5 2 1 3 4 4
233.3 -1366.6 -7.2 182 0 12.2 5.6 10.5 3.5 4 0 3 1 1
241.5 -1289.4 -8.2 74 0 5.1 13.3 10.5 3.5 2 1 3 2 2
249.5 -1262.9 -8.6 77 0 17.7 9.2 10.5 3.5 4 0 3 5 5
221.8 -1350.0 -7.3 184 0 7.5 16.6 10.5 3.5 2 1 3 2 2
224.5 -1332.9 -7.5 183 0 5.2 14.7 10.5 3.5 2 1 3 5 5
230.2 -1324.1 -7.5 272 0 16.4 4.9 10.5 3.5 2 0 3 2 2
220.6 -1300.1 -7.7 272 0 7.5 6.4 10.5 3.5 2 0 3 3 3
236.4 -1214.3 -8.9 260 0 15.2 9.1 10.5 3.5 2 0 3 1 1
220.5 -1238.0 -8.6 87 0 8.1 17.1 10.5 3.5 2 1 3 2 2
384.6 -1491.4 -7.8 89 0 6.0 14.5 10.5 0.0 0 1 3 4 4
360.4 -1489.7 -7.7 89 0 19.0 14.1 10.5 3.5 2 0 3 4 4
370.8 -1318.8 -9.3 183 0 14.7 10.6 10.5 3.5 2 0 3 0 0
371.0 -1333.4 -9.0 267 0 8.4 13.3 10.5 3.5 2 1 3 2 2
357.8 -1412.7 -8.2 4 0 13.3 11.4 10.5 3.5 2 0 3 1 1
339.1 -1455.2 -7.7 99 0 5.2 14.3 10.5 3.5 2 1 3 3 3
381.4 -1191.7 -10.3 254 0 9.2 15.4 10.5 3.5 2 1 3 0 0
338.7 -1435.3 -7.9 97 0 11.7 15.7 10.5 3.5 2 1 3 2 2
345.0 -1273.1 -9.5 169 0 9.7 7.0 10.5 3.5 2 0 3 3 3
360.8 -1193.6 -10.0 267 0 12.2 6.3 10.5 3.5 2 0 3 1 1
757.2 -1077.3 9.7 341 0 5.3 24.5 2.5 2.5 4 1 1 1 1
426.2 -1445.7 -8.5 100 0 6.5 13.8 10.5 3.5 2 1 3 0 0
438.5 -1376.3 -9.5 91 0 18.1 11.3 10.5 3.5 2 0 3 0 0
432.8 -1341.4 -9.7 183 0 11.7 8.0 10.5 3.5 2 0 3 2 2
416.2 -1424.0 -8.8 92 0 7.0 13.0 10.5 3.5 4 1 3 3 3
425.7 -1290.6 -10.1 183 0 11.6 9.8 10.5 3.5 4 0 3 4 4
418.8 -1323.5 -9.7 182 0 21.2 6.6 10.5 3.5 2 0 3 3 3
413.5 -1342.5 -9.5 180 0 11.6 11.1 10.5 3.5 2 0 3 1 1
423.7 -1249.9 -10.3 262 0 7.8 8.1 10.5 3.5 2 1 3 1 1
394.5 -1300.8 -9.7 181 0 6.5 17.1 10.5 3.5 2 1 3 2 2
393.8 -1292.2 -9.7 183 0 6.7 18.0 10.5 3.5 2 1 3 4 4
409.4 -1207.5 -10.6 247 0 9.0 11.6 10.5 3.5 2 1 3 5 5
402.4 -1386.8 -9.0 94 0 3.4 15.2 10.5 3.5 2 1 3 2 2
