3124.0 6204.4 -1.5 178 0 40.7 16.7 5.0 2.5 2 0 2 0 0
3152.5 6185.9 -1.2 88 0 16.7 40.7 10.0 2.5 2 1 4 2 2
3137.6 6253.4 -1.1 178 0 40.7 16.7 7.5 2.5 2 0 3 3 3
2561.5 5936.7 -3.8 90 0 102.7 52.0 12.5 0.0 0 0 5 2 2
2903.9 5995.1 -4.5 269 0 114.8 83.3 12.5 0.0 0 0 5 0 0
3166.9 6235.2 -1.0 88 0 16.7 40.7 7.5 2.5 2 1 3 1 1
3131.6 6295.5 -0.9 175 0 32.5 38.1 7.5 0.0 0 1 3 4 4
4339.4 6563.9 -7.8 145 0 27.0 19.7 10.0 2.5 2 0 4 5 5
3188.9 6258.6 -0.9 89 0 16.8 40.0 7.5 2.5 2 1 3 2 2
3216.5 6280.6 -0.9 359 0 40.0 16.8 7.5 2.5 2 0 3 1 1
