3487.7 -4188.3 121.3 161 0 26.5 25.1 14.0 0.0 0 0 4 4 4
6417.8 -1275.7 -297.2 89 0 19.2 105.6 14.0 0.0 0 1 4 0 0
6358.2 -1080.5 -298.1 268 0 39.6 18.6 17.5 3.5 2 0 5 1 1
3067.8 -5840.1 305.8 1 0 7.3 9.0 7.5 0.0 0 1 3 0 0
4396.6 -3555.2 -228.6 345 0 25.6 17.6 14.0 3.5 2 0 4 3 3
4201.4 -2719.2 -266.3 159 0 18.1 16.8 14.0 3.5 2 0 4 2 2
4552.3 -3373.0 -245.7 34 0 7.2 58.9 10.5 3.5 2 1 3 2 2
4478.9 -3367.3 -245.0 121 0 11.2 39.2 14.0 0.0 0 1 4 4 4
4469.4 -3372.4 -244.5 212 0 10.4 78.0 14.0 3.5 2 1 4 2 2
4545.0 -3764.3 -227.1 284 0 8.6 30.7 10.5 3.5 2 1 3 1 1
4565.8 -3443.5 -244.9 210 0 34.0 23.8 14.0 0.0 0 0 4 1 1
3520.5 -4197.7 122.8 252 0 14.0 8.4 10.5 3.5 2 0 3 4 4
3204.1 -5933.5 318.6 115 0 18.5 18.0 12.5 0.0 0 0 5 4 4
4422.9 -3542.4 -230.8 257 0 21.4 10.0 10.5 3.5 2 0 3 3 3
3051.3 -5852.6 306.7 183 0 7.4 5.5 7.5 2.5 4 0 3 4 4
4546.5 -3394.7 -245.5 28 0 30.0 7.9 10.5 3.5 2 0 3 0 0
3479.7 -4225.7 136.0 160 0 5.5 9.5 10.5 3.5 2 1 3 0 0
3291.0 -4285.9 148.4 238 0 5.3 6.4 10.5 0.0 0 1 3 0 0
4434.3 -3457.6 -236.3 356 0 15.6 29.3 10.5 3.5 2 1 3 1 1
4140.0 -1490.9 -279.6 255 0 11.1 22.8 14.0 3.5 2 1 4 5 5
6507.3 -1281.7 -296.0 183 0 16.3 29.7 17.5 3.5 4 1 5 2 2
6500.2 -1315.6 -296.0 184 0 17.6 32.5 17.5 3.5 2 1 5 3 3
6499.2 -1335.4 -296.0 185 0 18.3 36.7 17.5 0.0 0 1 5 4 4
6512.6 -1186.9 -296.6 87 0 15.8 74.0 17.5 3.5 2 1 5 3 3
6510.0 -1295.3 -295.9 183 0 8.5 27.5 10.5 3.5 4 1 3 1 1
6528.3 -1438.7 -297.0 90 0 15.1 17.8 17.5 3.5 2 1 5 4 4
2889.4 -4495.4 179.6 89 0 7.1 5.9 7.5 2.5 2 0 3 4 4
3086.0 -5808.8 303.7 194 0 6.3 6.4 2.5 2.5 2 1 1 1 1
4473.2 -3814.3 -220.3 284 0 75.5 52.0 14.0 0.0 0 0 4 2 2
4489.6 -3470.3 -240.1 67 0 28.0 12.7 10.5 3.5 2 0 3 4 4
4997.9 -3381.1 -251.2 52 0 40.7 13.8 10.5 3.5 2 0 3 2 2
4480.0 -2578.3 -275.6 175 0 45.9 20.1 17.5 3.5 2 0 5 1 1
4591.3 -3399.8 -245.9 229 0 8.2 28.0 10.5 3.5 2 1 3 3 3
5045.3 -3574.1 -246.3 92 0 10.5 19.3 14.0 3.5 2 1 4 4 4
5022.3 -3991.7 -235.6 74 0 30.8 18.5 10.0 2.5 2 0 4 5 5
5051.9 -4094.5 -233.1 356 0 45.1 18.2 12.5 2.5 2 0 5 2 2
5914.1 -2603.9 -282.2 88 0 24.0 16.6 14.0 3.5 2 0 4 4 4
5788.0 -2234.4 -285.0 177 0 46.9 17.7 17.5 0.0 0 0 5 2 2
5366.3 -3200.3 -260.6 220 0 8.3 47.7 10.5 3.5 2 1 3 4 4
4994.2 -3245.2 -255.5 144 0 57.6 12.1 14.0 3.5 2 0 4 4 4
5314.5 -3125.6 -262.0 77 0 13.0 10.6 17.5 3.5 2 0 5 4 4
5067.5 -3110.8 -258.2 203 0 12.1 57.4 14.0 3.5 2 1 4 3 3
5276.2 -3055.3 -263.4 345 0 45.7 9.9 10.5 0.0 0 0 3 5 5
4942.0 -3216.0 -256.0 143 0 15.1 22.4 14.0 3.5 2 1 4 4 4
6187.4 -3322.7 -276.9 173 0 14.4 23.6 17.5 3.5 2 1 5 2 2
6222.7 -3317.0 -277.4 354 0 20.4 9.4 10.5 3.5 2 0 3 3 3
6304.5 -2678.2 -285.1 171 0 9.3 32.1 10.5 3.5 2 1 3 0 0
6442.1 -3029.2 -284.7 160 0 69.2 7.4 10.5 3.5 2 0 3 2 2
6462.8 -3008.3 -285.0 342 0 13.1 12.7 17.5 3.5 4 0 5 2 2
6475.4 -3039.6 -285.1 340 0 27.4 13.8 17.5 3.5 2 0 5 5 5
6915.4 -6484.0 -260.3 75 0 21.7 8.1 5.0 2.5 2 0 2 0 0
6918.3 -6498.8 -260.5 255 0 21.7 8.1 7.5 2.5 2 0 3 3 3
6843.8 -6417.6 -259.7 168 0 10.3 32.2 7.5 2.5 2 1 3 4 4
6144.2 -5880.8 -253.3 169 0 10.0 37.1 7.5 2.5 2 1 3 2 2
6614.7 -6009.3 -260.2 349 0 6.7 12.7 10.5 3.5 2 1 3 5 5
6577.6 -5271.3 -264.5 72 0 15.7 13.8 14.0 3.5 2 0 4 5 5
6678.4 -5451.6 -265.2 72 0 20.1 11.5 14.0 3.5 2 0 4 5 5
6167.8 -5936.4 -253.2 36 0 10.1 37.0 10.0 2.5 2 1 4 0 0
6868.1 -6110.3 -261.9 341 0 7.3 22.9 7.5 2.5 2 1 3 4 4
6212.9 -5869.8 -254.3 80 0 7.1 15.5 5.0 2.5 2 1 2 3 3
6628.2 -6093.2 -259.9 75 0 16.1 22.2 14.0 3.5 2 1 4 2 2
6617.8 -6102.9 -259.6 78 0 8.3 7.5 10.5 3.5 2 0 3 5 5
6699.8 -5449.6 -265.4 74 0 17.0 12.3 14.0 3.5 2 0 4 4 4
6513.0 -5363.1 -263.1 83 0 12.2 27.7 14.0 3.5 2 1 4 4 4
6830.7 -6057.1 -262.0 349 0 40.8 14.6 10.0 2.5 2 0 4 1 1
6766.4 -3756.1 -280.8 73 0 24.8 9.7 10.5 3.5 2 0 3 5 5
6767.5 -3758.9 -280.6 73 0 12.2 5.0 10.5 3.5 2 0 3 0 0
6496.3 -5232.3 -263.4 261 0 8.4 16.2 10.5 3.5 2 1 3 4 4
6496.2 -5448.6 -262.1 142 0 11.6 13.5 14.0 3.5 2 1 4 3 3
6663.9 -5028.7 -267.3 268 0 8.1 35.0 10.5 3.5 2 1 3 1 1
6905.8 -5036.8 -270.4 343 0 29.4 11.1 14.0 3.5 2 0 4 4 4
6893.7 -4979.7 -270.7 346 0 17.7 10.2 14.0 3.5 2 0 4 5 5
6774.0 -4906.3 -270.1 148 0 11.0 10.6 14.0 0.0 0 0 4 5 5
6244.9 -5006.6 -260.8 340 0 12.6 10.3 10.5 3.5 2 0 3 4 4
6288.8 -5061.2 -260.6 158 0 10.9 10.3 14.0 3.5 2 0 4 3 3
6901.1 -5094.8 -269.8 350 0 9.7 32.0 10.5 3.5 2 1 3 1 1
6254.9 -4978.9 -261.5 157 0 10.8 10.3 14.0 3.5 2 0 4 5 5
5992.1 -5109.9 -256.8 340 0 14.8 20.1 14.0 3.5 2 1 4 1 1
6411.8 -5241.8 -260.9 265 0 10.0 17.7 10.5 3.5 2 1 3 0 0
6464.4 -5031.8 -262.7 358 0 12.4 15.3 14.0 3.5 4 1 4 4 4
6472.1 -4981.1 -263.6 88 0 15.3 12.4 14.0 3.5 4 0 4 5 5
6819.6 -4782.8 -271.4 254 0 6.5 7.6 10.5 3.5 2 1 3 0 0
6480.3 -5173.9 -262.8 81 0 17.6 26.2 14.0 3.5 2 1 4 1 1
6588.5 -4891.1 -265.9 246 0 11.3 8.9 10.5 3.5 2 0 3 0 0
6830.6 -4780.0 -271.5 254 0 6.5 7.6 10.5 0.0 0 1 3 3 3
6512.8 -5127.5 -263.5 355 0 14.9 11.0 14.0 3.5 2 0 4 2 2
6432.2 -5019.3 -262.6 178 0 12.4 15.3 14.0 3.5 2 1 4 3 3
6426.6 -5239.6 -261.4 265 0 10.0 17.7 10.5 0.0 0 1 3 1 1
6464.0 -5018.8 -262.8 358 0 12.4 15.3 14.0 3.5 2 1 4 3 3
6565.7 -5086.0 -265.2 178 0 10.8 6.4 10.5 3.5 2 0 3 5 5
6450.0 -5238.0 -262.1 265 0 10.0 17.7 10.5 3.5 2 1 3 1 1
6522.2 -5141.4 -264.1 265 0 17.9 8.1 10.5 3.5 2 0 3 3 3
6494.5 -4993.6 -263.7 178 0 24.2 10.3 14.0 0.0 0 0 4 4 4
6480.1 -5031.6 -262.9 358 0 12.4 15.3 14.0 3.5 2 1 4 4 4
6463.7 -4975.2 -263.4 358 0 12.4 15.3 14.0 3.5 2 1 4 3 3
6432.2 -5033.0 -262.4 178 0 12.4 15.3 14.0 3.5 2 1 4 5 5
6566.2 -4903.4 -265.5 219 0 10.6 19.5 14.0 3.5 4 1 4 5 5
6696.4 -4866.6 -268.7 73 0 31.4 12.7 14.0 3.5 2 0 4 0 0
6612.5 -4946.3 -265.9 8 0 7.2 14.2 10.5 3.5 2 1 3 5 5
6413.8 -5136.0 -261.2 169 0 29.4 16.1 14.0 3.5 2 0 4 1 1
6519.1 -4938.2 -264.4 273 0 9.2 23.3 10.5 3.5 2 1 3 4 4
6173.6 -5074.0 -259.2 344 0 32.7 10.9 14.0 0.0 0 0 4 1 1
6836.8 -4799.8 -271.5 74 0 6.5 7.6 10.5 3.5 4 1 3 4 4
6768.4 -4803.3 -270.4 254 0 15.6 8.1 10.5 3.5 2 0 3 2 2
6106.5 -5038.7 -259.0 251 0 8.0 17.3 10.5 3.5 2 1 3 5 5
6560.8 -4946.6 -265.1 162 0 9.7 14.7 10.5 3.5 2 1 3 3 3
6598.7 -4963.4 -265.5 5 0 7.4 7.0 10.5 3.5 2 0 3 4 4
6146.5 -5034.7 -259.4 254 0 9.1 11.8 10.5 3.5 2 1 3 3 3
6477.7 -4997.2 -263.2 356 0 15.0 13.5 14.0 3.5 2 0 4 2 2
6557.8 -5084.9 -264.9 178 0 10.8 6.4 10.5 3.5 2 0 3 1 1
6215.7 -4871.9 -262.3 158 0 10.9 10.3 14.0 3.5 2 0 4 3 3
6253.5 -4856.5 -262.7 338 0 12.6 10.3 14.0 3.5 2 0 4 4 4
6205.5 -4845.9 -262.1 158 0 10.9 10.3 14.0 3.5 2 0 4 2 2
6891.8 -4763.8 -272.3 253 0 9.2 22.6 10.5 0.0 0 1 3 4 4
6296.1 -5002.5 -261.5 157 0 10.8 10.3 14.0 3.5 2 0 4 2 2
6857.1 -4772.7 -271.9 254 0 9.3 22.6 10.5 3.5 2 1 3 5 5
6599.7 -4534.7 -268.7 163 0 16.7 9.9 10.5 3.5 2 0 3 5 5
6618.9 -4390.3 -269.0 73 0 8.6 33.9 10.5 0.0 0 1 3 5 5
4849.9 -3670.2 -242.6 159 0 32.2 10.6 10.5 0.0 0 0 3 5 5
6034.3 -4557.6 -256.6 256 0 25.0 25.6 10.5 3.5 2 1 3 5 5
6402.7 -4433.8 -265.4 343 0 27.2 12.2 14.0 3.5 2 0 4 2 2
6661.4 -4578.8 -269.6 73 0 8.4 49.0 10.5 3.5 2 1 3 4 4
6386.5 -4609.5 -265.3 222 0 8.9 25.1 10.5 3.5 2 1 3 3 3
6518.2 -4415.4 -267.3 75 0 9.5 46.6 10.5 3.5 2 1 3 1 1
6485.3 -4459.7 -266.8 253 0 5.4 27.4 10.5 3.5 4 1 3 1 1
6416.2 -4678.9 -265.6 162 0 33.4 7.3 10.5 3.5 2 0 3 2 2
6273.8 -4517.5 -263.4 253 0 15.2 50.1 14.0 3.5 2 1 4 4 4
6199.0 -4297.3 -257.4 344 0 12.5 4.7 10.5 3.5 2 0 3 2 2
6418.4 -4418.1 -265.6 341 0 11.4 8.0 10.5 3.5 2 0 3 1 1
6839.5 -4671.4 -272.1 343 0 25.7 9.5 10.5 3.5 2 0 3 2 2
6853.7 -4671.3 -272.6 164 0 32.4 13.0 10.5 3.5 2 0 3 2 2
6853.2 -4722.2 -272.2 343 0 15.7 13.0 10.5 3.5 4 0 3 5 5
6663.6 -4512.9 -269.8 254 0 12.6 40.4 10.5 3.5 2 1 3 1 1
6407.7 -4645.2 -265.5 160 0 27.4 8.7 10.5 3.5 2 0 3 5 5
6414.3 -4330.6 -265.0 163 0 25.7 9.2 10.5 3.5 2 0 3 5 5
6537.2 -4589.9 -267.8 163 0 11.0 21.9 14.0 3.5 4 1 4 3 3
6436.2 -4405.6 -266.1 162 0 28.7 13.2 14.0 3.5 2 0 4 2 2
6544.4 -4545.2 -267.8 254 0 18.3 11.5 14.0 0.0 0 0 4 3 3
6393.8 -4406.0 -264.8 340 0 8.2 12.1 10.5 3.5 2 1 3 2 2
6844.9 -4692.2 -272.1 345 0 6.7 9.7 10.5 3.5 2 1 3 4 4
6462.7 -4467.2 -266.5 254 0 10.0 27.4 14.0 3.5 2 1 4 5 5
6586.4 -4427.5 -268.6 253 0 13.1 46.3 14.0 3.5 2 1 4 2 2
6159.9 -4282.3 -256.7 163 0 9.7 23.7 10.5 3.5 2 1 3 2 2
6097.8 -4309.3 -254.5 73 0 7.0 19.3 10.5 3.5 2 1 3 0 0
6614.9 -4419.3 -269.0 253 0 9.4 46.3 10.5 0.0 0 1 3 4 4
6621.9 -4565.6 -269.1 163 0 49.0 8.4 10.5 3.5 2 0 3 5 5
6033.8 -4258.1 -253.9 163 0 21.1 12.6 14.0 3.5 2 0 4 4 4
6046.1 -4268.8 -253.6 254 0 11.7 29.0 14.0 3.5 2 1 4 3 3
6319.6 -4353.5 -263.2 163 0 10.9 39.9 14.0 3.5 2 1 4 3 3
6491.0 -4515.0 -266.8 71 0 8.8 7.5 10.5 3.5 2 0 3 2 2
6363.1 -4434.1 -264.6 163 0 25.5 13.4 14.0 3.5 2 0 4 1 1
6653.3 -4362.6 -269.6 85 0 8.3 13.8 10.5 3.5 2 1 3 2 2
6095.5 -4226.9 -255.6 252 0 10.1 51.8 14.0 3.5 2 1 4 0 0
4917.5 -3560.2 -245.9 179 0 28.1 12.3 14.0 3.5 2 0 4 2 2
4827.7 -3605.5 -244.1 159 0 8.3 19.4 10.5 0.0 0 1 3 5 5
6383.2 -4350.5 -264.1 344 0 19.2 8.3 10.5 3.5 2 0 3 0 0
5673.5 -1455.7 -292.1 199 0 17.0 18.9 21.0 0.0 0 1 6 2 2
5802.9 5023.9 -322.1 270 0 13.6 22.7 7.5 0.0 0 1 3 3 3
5867.4 4810.8 -319.7 90 0 6.6 11.1 5.0 0.0 0 1 2 5 5
5849.2 5042.0 -322.1 260 0 7.0 50.7 7.5 2.5 2 1 3 2 2
5868.6 5046.3 -322.0 261 0 10.3 51.7 12.5 2.5 2 1 5 5 5
5850.3 5138.0 -324.4 80 0 15.0 45.1 7.5 2.5 2 1 3 3 3
5578.1 5046.4 -324.6 350 0 91.5 65.5 10.0 0.0 0 0 4 1 1
5833.8 5089.1 -323.3 351 0 22.8 7.3 7.5 0.0 0 0 3 1 1
5689.1 5019.0 -324.3 80 0 48.1 91.5 15.0 0.0 0 1 6 4 4
5558.7 5481.9 -325.6 167 0 18.3 13.0 2.5 2.5 2 0 1 2 2
5564.5 5449.2 -326.0 169 0 23.8 15.9 7.5 2.5 2 0 3 4 4
5858.0 5043.2 -322.0 260 0 7.0 50.7 7.5 2.5 2 1 3 5 5
5591.8 5284.7 -325.3 170 0 103.9 16.3 10.0 0.0 0 0 4 2 2
5447.7 4979.2 -324.2 80 0 23.4 119.6 10.0 0.0 0 1 4 1 1
5639.8 4900.1 -322.6 351 0 60.2 191.9 12.5 0.0 0 1 5 0 0
5749.4 4547.3 -320.4 170 0 7.7 22.1 7.5 2.5 4 1 3 4 4
5605.9 4856.2 -320.8 79 0 25.1 9.7 5.0 2.5 2 0 2 5 5
5350.3 5188.8 -325.3 169 0 61.9 16.2 10.0 0.0 0 0 4 4 4
5303.6 5158.5 -325.0 170 0 6.8 11.4 7.5 2.5 2 1 3 1 1
5491.4 5214.3 -325.1 350 0 60.6 48.0 7.5 0.0 0 0 3 1 1
5499.3 5091.3 -324.4 349 0 23.3 28.9 10.0 0.0 0 1 4 0 0
5507.4 5060.4 -324.6 349 0 21.8 10.6 5.0 2.5 2 0 2 5 5
5493.5 5053.2 -324.5 351 0 32.3 9.3 7.5 2.5 2 0 3 4 4
5606.6 4845.4 -320.8 80 0 31.9 8.5 7.5 2.5 2 0 3 1 1
5468.6 5085.9 -324.3 350 0 20.6 6.4 7.5 2.5 2 0 3 5 5
5315.9 5235.5 -325.6 167 0 29.9 15.8 10.0 2.5 4 0 4 1 1
5539.0 4833.0 -321.0 79 0 27.4 16.5 5.0 2.5 2 0 2 0 0
5776.4 5380.7 -323.4 360 0 6.6 11.0 7.5 0.0 0 1 3 0 0
5520.9 5763.6 -327.2 261 0 8.5 31.5 7.5 2.5 4 1 3 3 3
5722.7 5478.1 -324.8 171 0 29.3 22.9 7.5 0.0 0 0 3 2 2
5738.8 5082.1 -323.8 351 0 37.9 13.8 10.0 0.0 0 0 4 5 5
5740.0 4746.3 -320.9 259 0 31.2 16.8 7.5 2.5 2 0 3 3 3
5716.7 5094.4 -324.1 349 0 33.7 10.6 10.0 2.5 2 0 4 0 0
6643.1 -4159.2 -269.6 252 0 10.8 37.5 10.0 2.5 2 1 4 5 5
6153.0 -3756.8 -266.7 255 0 15.9 17.3 10.5 3.5 2 1 3 1 1
6532.9 -4213.8 -267.0 74 0 6.8 57.8 10.5 3.5 2 1 3 0 0
6557.9 -4200.1 -267.6 73 0 12.2 32.1 14.0 3.5 4 1 4 4 4
6321.3 -1839.1 -293.2 181 0 22.1 20.5 17.5 3.5 2 0 5 1 1
6400.1 -3746.1 -273.3 161 0 57.9 27.3 14.0 3.5 2 0 4 3 3
6568.5 -3693.9 -277.5 343 0 62.4 27.8 14.0 0.0 0 0 4 5 5
6209.9 -3977.5 -263.8 163 0 26.0 16.3 10.5 3.5 2 0 3 3 3
6261.5 -3996.7 -264.2 342 0 32.9 11.3 10.5 3.5 2 0 3 3 3
5945.5 -3591.2 -264.6 72 0 29.5 18.4 10.5 0.0 0 0 3 5 5
5806.8 -3408.9 -265.3 179 0 38.9 16.8 17.5 3.5 2 0 5 1 1
5859.4 -3601.2 -262.6 76 0 44.3 13.1 14.0 3.5 2 0 4 2 2
4991.2 -1128.4 -292.3 266 0 5.9 18.2 10.5 3.5 2 1 3 2 2
5005.7 -1129.2 -292.3 266 0 17.7 16.1 17.5 3.5 2 0 5 2 2
5004.3 -1195.2 -291.6 88 0 11.5 20.3 17.5 3.5 2 1 5 5 5
4991.0 -1195.9 -291.7 90 0 11.0 21.3 17.5 3.5 2 1 5 0 0
4979.0 -1195.8 -291.7 88 0 11.8 20.8 17.5 3.5 2 1 5 0 0
4864.1 -1965.6 -282.1 358 0 14.4 20.8 14.0 3.5 2 1 4 5 5
4831.1 -1990.1 -281.2 9 0 14.0 17.6 17.5 3.5 2 1 5 4 4
4829.9 -1952.8 -282.5 359 0 31.6 16.1 17.5 3.5 2 0 5 1 1
4637.7 -1974.6 -282.1 95 0 14.4 17.6 17.5 3.5 2 1 5 4 4
4665.0 -1948.2 -282.3 276 0 27.3 35.4 17.5 0.0 0 1 5 5 5
5159.2 -1829.9 -285.2 271 0 145.1 87.3 17.5 0.0 0 0 5 5 5
5705.5 -1597.4 -292.1 32 0 40.9 66.8 17.5 0.0 0 1 5 0 0
6443.9 4057.8 -320.4 352 0 13.1 110.4 10.0 2.5 2 1 4 1 1
3878.0 1218.4 -295.5 353 0 42.7 35.7 14.0 0.0 0 0 4 3 3
3791.4 1268.1 -293.2 228 0 10.8 14.2 14.0 3.5 2 1 4 1 1
3722.7 1349.5 -293.7 137 0 30.4 53.8 14.0 0.0 0 1 4 0 0
3683.8 1368.4 -292.7 98 0 30.1 56.3 14.0 0.0 0 1 4 3 3
3641.5 1361.4 -289.8 57 0 30.0 53.6 14.0 0.0 0 1 4 3 3
3615.3 1325.6 -287.8 19 0 28.6 54.8 14.0 0.0 0 1 4 1 1
3617.0 1283.3 -288.1 337 0 29.8 54.5 14.0 0.0 0 1 4 5 5
3645.7 1251.2 -289.1 299 0 28.9 55.8 14.0 0.0 0 1 4 2 2
3689.2 1243.2 -290.9 257 0 29.9 53.3 14.0 0.0 0 1 4 0 0
3724.7 1268.5 -292.4 218 0 31.2 54.6 14.0 0.0 0 1 4 0 0
5748.4 -2764.4 -276.3 280 0 19.5 25.1 17.5 3.5 2 1 5 2 2
5754.3 -2807.4 -275.7 8 0 24.4 20.3 17.5 3.5 2 0 5 4 4
5754.0 -2841.1 -274.9 6 0 12.3 24.1 17.5 3.5 2 1 5 4 4
5747.3 -2859.4 -274.5 9 0 21.3 23.1 17.5 3.5 2 1 5 0 0
5153.5 -1264.7 -292.7 49 0 8.3 75.0 10.5 3.5 2 1 3 2 2
5509.8 -3589.2 -253.0 343 0 16.4 13.2 14.0 3.5 2 0 4 2 2
5745.1 -1793.5 -291.0 5 0 5.9 12.8 10.5 3.5 2 1 3 3 3
5813.3 -1910.2 -289.2 286 0 6.9 9.2 10.5 3.5 2 1 3 5 5
5792.4 -1953.7 -288.9 106 0 24.8 34.4 17.5 0.0 0 1 5 4 4
5699.6 -1778.3 -290.9 5 0 11.9 18.0 17.5 3.5 2 1 5 4 4
4458.8 -2170.3 -279.8 359 0 14.6 23.9 14.0 3.5 2 1 4 3 3
5447.4 -2058.9 -284.3 266 0 18.7 10.7 14.0 3.5 4 0 4 1 1
5748.4 -1809.8 -290.7 6 0 10.0 22.8 10.5 3.5 2 1 3 4 4
5933.1 -721.5 -301.3 185 0 20.3 38.4 17.5 0.0 0 1 5 3 3
5844.8 -1182.4 -297.0 91 0 22.8 19.3 14.0 3.5 2 0 4 2 2
5394.9 -2541.2 -275.6 181 0 8.9 27.9 10.5 3.5 2 1 3 1 1
3827.1 -1844.3 -270.7 90 0 11.8 28.9 14.0 3.5 4 1 4 0 0
5343.0 -1351.1 -292.2 2 0 8.0 14.6 10.5 3.5 2 1 3 2 2
5651.5 -1741.5 -290.7 0 0 12.6 5.5 10.5 3.5 2 0 3 1 1
4903.2 -175.8 -297.7 176 0 16.8 12.7 17.5 3.5 2 0 5 5 5
5258.2 -2298.7 -278.7 89 0 27.5 14.0 14.0 3.5 2 0 4 3 3
5494.9 -2196.4 -282.6 2 0 33.0 22.7 14.0 0.0 0 0 4 5 5
5573.9 -2826.3 -273.1 259 0 4.7 12.0 10.5 3.5 2 1 3 2 2
5956.8 -1248.5 -296.4 354 0 20.4 19.9 21.0 0.0 0 0 6 5 5
5455.1 -2535.3 -276.0 359 0 8.8 28.4 10.5 3.5 2 1 3 1 1
5591.1 -2516.7 -277.7 251 0 14.7 16.7 14.0 3.5 4 1 4 0 0
5506.4 -2032.2 -284.4 71 0 15.6 13.2 17.5 3.5 2 0 5 5 5
5391.2 -2105.7 -283.5 358 0 11.5 24.8 17.5 3.5 2 1 5 2 2
5577.1 -1512.9 -291.2 4 0 7.8 39.0 10.5 3.5 2 1 3 2 2
5770.7 -1896.4 -289.1 281 0 10.8 19.5 17.5 3.5 2 1 5 4 4
5286.0 -2019.6 -283.5 93 0 14.2 16.5 14.0 3.5 2 1 4 5 5
5784.3 -2009.2 -287.2 183 0 11.6 15.0 17.5 3.5 2 1 5 1 1
5597.1 -1761.6 -290.2 182 0 9.4 31.7 10.5 3.5 4 1 3 1 1
6416.6 -2035.2 -291.4 179 0 9.9 32.7 10.5 0.0 0 1 3 4 4
5388.7 -2150.9 -282.6 359 0 7.4 22.9 10.5 3.5 2 1 3 5 5
5796.2 -1786.5 -291.6 2 0 25.1 18.1 17.5 3.5 2 0 5 3 3
5476.9 -1617.1 -289.4 5 0 11.0 18.5 14.0 3.5 2 1 4 3 3
5743.6 -1847.7 -289.9 2 0 9.3 17.7 10.5 3.5 4 1 3 4 4
5357.5 -1021.9 -295.0 267 0 22.1 11.9 17.5 3.5 2 0 5 2 2
5749.5 -1701.9 -291.6 277 0 9.0 33.0 10.5 0.0 0 1 3 0 0
5803.3 -1816.6 -291.1 181 0 9.4 18.5 10.5 3.5 2 1 3 3 3
5655.9 -1717.2 -291.2 1 0 20.3 36.6 17.5 0.0 0 1 5 5 5
5359.1 -2242.6 -280.7 2 0 14.2 15.6 14.0 3.5 2 1 4 0 0
