-6831.4 2115.2 -6.4 4 0 42.8 20.2 5.0 2.5 2 0 2 0 0
4883.5 6024.5 -5.0 0 0 6.5 6.2 7.5 2.5 2 0 3 0 0
4899.3 6026.1 -5.3 0 0 5.6 5.5 7.5 2.5 2 0 3 0 0
4860.6 6052.8 -4.3 272 0 6.3 9.1 7.5 2.5 2 1 3 1 1
4822.8 6131.2 -2.4 11 0 13.5 25.9 7.5 2.5 2 1 3 5 5
4842.8 6083.2 -3.6 269 0 7.5 8.9 7.5 2.5 2 1 3 1 1
4843.5 6071.1 -3.7 266 0 5.7 7.3 7.5 2.5 2 0 3 5 5
4842.8 6063.7 -3.8 267 0 7.9 8.1 7.5 2.5 2 0 3 3 3
4838.6 6008.1 -4.3 85 0 6.9 8.1 7.5 2.5 2 1 3 4 4
4841.9 5977.8 -4.9 94 0 8.3 15.1 7.5 2.5 2 1 3 0 0
4837.3 5984.8 -4.6 86 0 11.7 6.6 7.5 0.0 0 0 3 3 3
4796.7 5996.9 -4.0 174 0 6.1 20.7 5.0 2.5 2 1 2 3 3
4797.5 6006.1 -3.6 175 0 6.3 9.9 7.5 2.5 2 1 3 4 4
4785.4 6027.5 -3.3 180 0 8.0 15.8 7.5 0.0 0 1 3 3 3
