4374.7 -6711.6 -5.0 285 0 9.0 3.7 7.5 2.5 2 0 3 2 2
3865.8 -5891.7 -6.8 184 0 10.8 8.2 7.5 2.5 2 0 3 1 1
3748.6 -5859.4 -6.0 188 0 14.1 8.9 5.0 2.5 2 0 2 5 5
3741.7 -5914.0 -5.9 102 0 6.1 11.6 2.5 0.0 0 1 1 3 3
3737.8 -5932.1 -5.8 101 0 6.4 12.6 5.0 2.5 2 1 2 3 3
3806.1 -5929.1 -6.3 100 0 8.5 15.7 7.5 2.5 2 1 3 5 5
3810.5 -5878.3 -6.4 272 0 8.4 17.0 7.5 2.5 2 0 3 3 3
3778.7 -5396.3 -6.0 176 0 8.0 6.1 5.0 2.5 2 0 2 1 1
3759.2 -5365.6 -6.2 173 0 7.1 21.0 2.5 2.5 2 1 1 2 2
3762.4 -5482.4 -0.6 89 0 9.0 15.6 7.5 2.5 2 1 3 1 1
