672.5 4075.2 258.4 247 0 116.3 30.3 7.5 0.0 0 0 3 3 3
1179.9 3591.2 278.7 176 0 11.1 21.9 7.5 2.5 2 1 3 5 5
1159.7 3462.0 265.8 302 0 93.5 13.4 10.0 2.5 2 0 4 2 2
1087.2 3420.4 251.0 302 0 19.6 26.8 10.0 2.5 2 1 4 0 0
1171.1 3557.3 286.7 4 0 15.6 24.9 12.5 2.5 2 1 5 0 0
1186.3 3533.5 284.3 318 0 18.7 21.7 10.0 2.5 2 1 4 0 0
1229.3 3502.0 278.8 139 0 10.9 23.8 12.5 2.5 2 1 5 0 0
1205.2 3540.4 277.6 139 0 11.6 19.0 2.5 2.5 2 1 1 1 1
1194.9 3550.3 277.9 139 0 12.3 21.3 12.5 2.5 2 1 5 2 2
1255.6 3494.8 275.8 49 0 25.4 14.5 10.0 2.5 2 0 4 4 4
1221.5 3514.8 278.1 139 0 12.1 23.5 12.5 0.0 0 1 5 0 0
1212.8 3526.4 277.4 139 0 12.0 23.7 10.0 2.5 2 1 4 4 4
1187.8 3574.4 278.5 176 0 10.3 19.6 7.5 2.5 2 1 3 1 1
1216.9 3384.2 255.8 30 0 10.1 9.7 7.5 0.0 0 0 3 2 2
1171.9 3606.0 279.6 176 0 13.0 17.3 5.0 2.5 2 1 2 3 3
1155.1 3620.6 280.4 176 0 11.9 19.8 2.5 2.5 2 1 1 3 3
1158.7 3316.7 246.3 114 0 7.6 8.4 7.5 2.5 2 1 3 3 3
879.4 3266.2 256.7 273 0 12.3 96.7 7.5 2.5 2 1 3 5 5
1017.6 3063.7 270.9 277 0 8.9 12.4 7.5 2.5 2 1 3 3 3
977.1 3303.5 255.0 147 0 7.4 10.6 7.5 2.5 2 1 3 3 3
1026.9 3067.5 267.1 190 0 5.1 20.8 5.0 2.5 2 1 2 2 2
917.7 3175.9 261.5 7 0 15.3 16.4 12.5 2.5 2 1 5 0 0
911.4 3243.0 256.9 7 0 8.2 11.6 7.5 2.5 4 1 3 3 3
993.7 3168.8 251.6 355 0 13.7 9.3 5.0 2.5 2 0 2 5 5
1002.5 3115.5 262.0 355 0 8.8 12.3 5.0 2.5 2 1 2 0 0
899.7 3153.5 263.3 5 0 10.5 12.5 7.5 2.5 2 1 3 4 4
998.9 3205.8 253.0 36 0 10.8 10.6 7.5 2.5 2 0 3 0 0
1075.6 3078.0 257.4 279 0 10.3 12.2 7.5 2.5 2 1 3 5 5
1044.2 3042.9 269.4 94 0 10.4 13.4 2.5 2.5 2 1 1 5 5
910.1 3229.6 257.4 9 0 12.8 12.4 2.5 2.5 2 0 1 4 4
993.2 3188.8 253.2 1 0 9.2 9.3 7.5 2.5 2 1 3 0 0
1006.5 3065.6 271.3 275 0 8.0 13.4 7.5 2.5 2 1 3 5 5
906.7 3211.8 258.9 7 0 7.8 11.4 5.0 2.5 2 1 2 4 4
1107.3 3255.1 246.0 34 0 12.8 8.9 5.0 2.5 2 0 2 0 0
1092.8 3309.4 248.8 284 0 9.7 9.6 7.5 2.5 4 0 3 5 5
1115.6 3267.3 246.2 34 0 11.6 6.9 5.0 0.0 0 0 2 0 0
1090.7 3230.5 245.1 34 0 12.0 10.3 7.5 2.5 2 0 3 2 2
1061.3 3227.2 248.6 34 0 10.0 11.0 5.0 2.5 4 1 2 4 4
1058.9 3243.6 248.1 213 0 10.5 10.5 5.0 0.0 0 1 2 0 0
528.8 3116.4 266.0 167 0 12.1 13.8 2.5 0.0 0 1 1 2 2
734.7 3957.8 266.1 83 0 8.4 9.0 7.5 2.5 2 0 3 5 5
617.9 3843.8 250.2 352 0 24.6 14.9 12.5 2.5 2 0 5 2 2
609.7 3896.1 251.1 345 0 17.3 15.0 10.0 2.5 2 0 4 4 4
740.7 3831.5 272.3 158 0 7.4 14.0 7.5 2.5 2 1 3 0 0
533.4 3726.5 249.3 174 0 10.6 26.5 10.0 2.5 2 1 4 2 2
721.6 3695.1 256.2 134 0 29.1 14.4 10.0 2.5 2 0 4 3 3
772.7 3841.5 273.4 262 0 11.9 7.1 2.5 0.0 0 0 1 3 3
558.8 3833.4 250.5 85 0 21.4 29.5 7.5 0.0 0 1 3 3 3
527.2 3739.2 249.5 173 0 11.4 6.1 5.0 0.0 0 0 2 5 5
731.2 3895.7 269.0 176 0 9.7 17.3 5.0 2.5 2 1 2 0 0
825.5 3845.7 277.1 6 0 10.3 8.5 7.5 2.5 2 0 3 3 3
730.6 3782.5 272.4 158 0 5.5 12.9 2.5 2.5 2 1 1 1 1
614.3 3872.0 250.6 351 0 19.9 15.2 10.0 2.5 2 0 4 4 4
659.1 3843.6 258.2 166 0 90.0 18.0 12.5 0.0 0 0 5 1 1
820.6 3869.3 276.3 347 0 6.5 7.2 2.5 2.5 4 1 1 1 1
705.8 3809.0 267.7 150 0 6.7 10.9 5.0 2.5 2 1 2 5 5
784.9 3920.0 269.5 352 0 6.7 12.6 5.0 2.5 2 1 2 3 3
601.4 3914.3 251.4 353 0 10.1 11.0 5.0 2.5 4 1 2 4 4
525.6 3843.0 250.8 90 0 10.8 55.4 7.5 2.5 2 1 3 2 2
585.5 3835.1 250.4 83 0 26.8 19.3 12.5 2.5 2 0 5 5 5
683.5 3966.2 264.0 270 0 28.4 7.8 5.0 2.5 2 0 2 1 1
517.1 3326.2 254.9 351 0 18.0 13.0 5.0 2.5 2 0 2 2 2
460.3 3205.4 263.6 347 0 13.5 12.7 5.0 2.5 2 0 2 5 5
462.4 3240.2 261.2 167 0 13.5 12.7 5.0 2.5 2 0 2 5 5
443.7 3219.5 262.9 167 0 13.5 12.7 10.0 2.5 2 0 4 5 5
513.9 3346.2 254.1 351 0 18.7 12.8 5.0 0.0 0 0 2 2 2
547.8 3166.1 261.3 349 0 12.6 11.8 7.5 2.5 2 0 3 0 0
544.5 3182.9 260.6 349 0 17.5 12.5 2.5 2.5 2 0 1 4 4
464.8 3185.3 264.6 347 0 13.5 12.7 7.5 2.5 4 0 3 4 4
470.6 3206.3 262.5 167 0 13.5 12.7 5.0 2.5 2 0 2 1 1
466.3 3223.3 261.8 167 0 13.5 12.7 2.5 2.5 2 0 1 0 0
519.9 3307.2 255.7 351 0 15.5 13.0 2.5 2.5 2 0 1 0 0
633.9 3081.9 265.4 133 0 18.0 8.9 5.0 0.0 0 0 2 0 0
540.8 3201.6 259.9 349 0 15.1 12.5 7.5 2.5 2 0 3 4 4
475.0 3186.2 263.2 167 0 13.5 12.7 7.5 2.5 2 0 3 4 4
527.2 3273.1 257.1 349 0 15.5 13.4 5.0 2.5 2 0 2 3 3
523.0 3289.9 256.4 349 0 14.0 12.7 5.0 2.5 2 0 2 4 4
468.6 3170.5 266.1 346 0 8.9 11.5 5.0 2.5 2 1 2 4 4
585.7 3530.7 249.5 77 0 4.9 80.4 10.5 3.5 2 1 3 0 0
331.7 3326.7 261.4 20 0 32.9 11.9 10.0 2.5 2 0 4 2 2
579.4 3313.9 255.1 350 0 29.1 33.7 7.5 0.0 0 1 3 1 1
227.2 3480.2 257.3 101 0 17.6 27.0 12.5 2.5 2 1 5 5 5
331.9 3567.7 249.9 280 0 10.0 7.5 5.0 2.5 2 0 2 5 5
304.0 3321.1 261.9 119 0 14.2 33.5 10.0 2.5 2 1 4 5 5
247.8 3477.9 256.7 99 0 17.3 24.2 10.0 2.5 2 1 4 2 2
288.0 3495.2 255.0 277 0 13.5 20.4 10.0 2.5 2 1 4 1 1
196.8 3561.9 255.5 17 0 24.4 22.8 12.5 2.5 2 0 5 3 3
530.4 3254.7 257.8 349 0 12.6 13.1 5.0 2.5 4 1 2 5 5
257.6 3338.9 265.3 204 0 18.8 20.2 10.0 2.5 2 1 4 4 4
203.0 3590.9 254.9 4 0 8.6 18.1 7.5 2.5 2 1 3 1 1
140.7 3453.1 263.9 26 0 25.5 19.4 7.5 2.5 2 0 3 1 1
163.3 3599.7 255.2 277 0 27.9 15.0 10.0 2.5 2 0 4 1 1
284.1 3370.7 262.8 297 0 18.0 22.8 10.0 2.5 2 1 4 1 1
301.4 3433.3 258.0 280 0 7.8 20.1 7.5 2.5 2 1 3 4 4
191.5 3603.1 255.1 273 0 9.7 5.6 5.0 2.5 2 0 2 2 2
270.0 3497.6 255.9 279 0 14.2 20.7 15.0 0.0 0 1 6 1 1
251.0 3523.1 254.5 95 0 7.8 16.3 7.5 0.0 0 1 3 0 0
213.8 3537.8 255.2 188 0 19.6 16.1 10.0 2.5 2 0 4 1 1
208.1 3483.6 257.9 101 0 14.9 27.9 12.5 2.5 2 1 5 5 5
261.9 3521.4 254.1 96 0 8.8 15.6 5.0 2.5 2 1 2 4 4
152.1 3477.4 261.5 23 0 19.4 14.0 10.0 2.5 2 0 4 0 0
237.2 3524.4 254.9 98 0 12.7 17.2 7.5 2.5 2 1 3 4 4
112.5 3579.3 257.1 274 0 39.4 23.6 10.0 0.0 0 0 4 3 3
102.3 3435.0 268.2 202 0 12.3 19.1 10.0 2.5 2 1 4 5 5
162.2 3419.6 267.1 290 0 24.2 24.0 10.0 2.5 2 0 4 4 4
298.5 3363.1 262.2 296 0 18.7 36.9 10.0 0.0 0 1 4 0 0
181.0 3386.5 267.1 107 0 18.4 22.3 12.5 2.5 2 1 5 2 2
182.8 3535.3 256.5 23 0 30.4 48.3 10.0 0.0 0 1 4 5 5
363.9 3560.5 250.0 277 0 24.2 12.9 10.0 2.5 2 0 4 0 0
168.6 3510.4 258.3 24 0 28.7 15.1 10.0 2.5 2 0 4 2 2
446.0 3528.1 249.8 85 0 21.9 54.8 7.5 2.5 2 1 3 0 0
79.9 3604.9 256.7 274 0 14.8 53.0 12.5 2.5 2 1 5 1 1
464.8 3332.2 256.5 0 0 47.3 13.3 10.0 2.5 2 0 4 5 5
585.0 3565.0 250.2 165 0 7.6 14.3 7.5 2.5 2 1 3 4 4
729.3 3532.3 249.2 215 0 9.7 5.9 5.0 2.5 2 0 2 3 3
634.0 3561.0 249.9 13 0 14.2 12.0 2.5 2.5 2 0 1 2 2
574.2 3599.2 249.5 161 0 10.5 17.4 2.5 2.5 4 1 1 2 2
489.4 3609.0 249.4 85 0 5.3 7.4 5.0 2.5 2 1 2 1 1
998.7 3978.9 274.3 29 0 7.3 8.0 10.5 3.5 2 1 3 5 5
793.6 4108.3 265.3 68 0 23.9 15.6 14.0 3.5 2 0 4 5 5
977.5 3986.2 272.5 221 0 11.9 5.9 10.5 3.5 2 0 3 1 1
1023.7 4049.5 275.4 269 0 9.0 6.5 10.5 3.5 2 0 3 0 0
915.5 3948.5 269.1 268 0 10.7 11.0 14.0 3.5 2 1 4 2 2
1009.3 4056.3 273.6 278 0 9.0 9.2 10.5 3.5 2 1 3 4 4
927.7 3949.8 269.1 249 0 8.8 8.2 10.5 3.5 2 0 3 0 0
983.0 4000.5 272.7 222 0 10.0 7.7 10.5 3.5 4 0 3 1 1
989.5 4007.0 273.2 131 0 3.9 9.5 10.5 3.5 4 1 3 2 2
992.6 4103.0 272.3 287 0 11.2 12.4 14.0 0.0 0 1 4 3 3
945.5 4116.1 270.7 285 0 8.2 11.9 10.5 3.5 2 1 3 3 3
964.4 3974.1 271.5 216 0 9.1 6.1 10.5 3.5 2 0 3 2 2
996.4 4020.0 273.3 123 0 8.2 9.4 10.5 3.5 2 1 3 4 4
867.8 4131.7 268.2 191 0 10.0 7.7 10.5 3.5 4 0 3 5 5
887.1 4134.3 268.6 276 0 9.7 12.9 10.5 3.5 2 1 3 2 2
575.9 3810.0 250.5 96 0 103.5 8.6 7.5 2.5 2 0 3 5 5
742.9 4003.7 265.4 246 0 13.1 15.9 5.0 2.5 2 1 2 4 4
738.7 4009.3 263.6 69 0 34.6 37.0 10.0 0.0 0 1 4 1 1
673.8 4032.7 260.8 248 0 44.1 12.9 10.0 2.5 2 0 4 4 4
608.7 3937.0 251.5 347 0 23.0 38.1 10.0 0.0 0 1 4 4 4
509.7 3953.1 251.8 265 0 22.2 32.2 10.0 0.0 0 1 4 2 2
530.6 3921.1 251.6 165 0 15.3 32.5 15.0 0.0 0 1 6 2 2
543.7 3961.4 251.8 260 0 19.1 23.1 10.0 2.5 2 1 4 3 3
671.4 3634.4 248.8 335 0 9.4 7.6 5.0 2.5 2 0 2 1 1
535.5 3716.9 249.2 174 0 5.3 10.2 7.5 2.5 4 1 3 0 0
654.5 3669.8 248.5 198 0 6.6 4.6 2.5 2.5 4 0 1 2 2
534.0 3783.1 250.1 85 0 11.9 6.8 7.5 2.5 2 0 3 1 1
525.1 3803.8 250.3 173 0 6.1 12.6 5.0 2.5 2 1 2 1 1
498.4 3810.9 250.6 353 0 11.3 22.4 7.5 0.0 0 1 3 5 5
498.6 3827.8 250.7 353 0 16.6 25.1 10.0 2.5 4 1 4 5 5
578.5 3821.2 250.5 96 0 84.6 7.2 7.5 2.5 2 0 3 5 5
558.6 3809.7 250.2 276 0 14.3 5.5 7.5 0.0 0 0 3 3 3
464.5 3829.3 250.8 263 0 14.5 19.2 7.5 2.5 2 1 3 2 2
448.5 3828.4 250.8 263 0 12.6 25.4 7.5 2.5 2 1 3 2 2
964.6 4172.3 271.6 357 0 9.6 5.2 5.0 2.5 2 0 2 1 1
1039.4 4164.1 273.9 86 0 64.2 22.3 10.0 2.5 2 0 4 5 5
1002.6 4206.8 272.6 266 0 31.6 21.6 10.0 0.0 0 0 4 5 5
984.6 4171.4 272.3 175 0 20.2 19.6 10.0 2.5 2 0 4 2 2
1050.1 4210.1 276.7 264 0 8.3 13.8 5.0 2.5 2 0 2 3 3
1070.5 4212.0 277.3 265 0 32.7 21.7 10.0 0.0 0 0 4 3 3
957.9 4198.9 271.0 263 0 6.1 5.6 7.5 2.5 2 0 3 3 3
959.1 4118.9 268.7 106 0 182.1 7.5 10.5 3.5 2 0 3 2 2
250.7 3626.9 249.8 1 0 14.2 17.9 12.5 2.5 4 1 5 2 2
325.2 3784.5 248.3 95 0 25.0 12.7 12.5 2.5 2 0 5 3 3
165.5 3657.9 252.8 96 0 23.5 15.0 10.0 0.0 0 0 4 4 4
404.0 3770.6 250.7 357 0 7.7 20.6 7.5 2.5 2 1 3 0 0
238.6 3713.2 247.7 5 0 11.8 5.2 7.5 2.5 4 0 3 1 1
420.7 3784.5 250.7 357 0 12.4 36.1 7.5 2.5 2 0 3 5 5
399.9 3757.7 250.6 357 0 6.7 20.1 5.0 2.5 2 1 2 4 4
307.1 3601.9 249.5 89 0 10.4 4.9 2.5 2.5 2 0 1 0 0
277.2 3652.6 248.6 354 0 11.0 5.2 7.5 2.5 4 0 3 2 2
325.7 3603.3 249.5 84 0 5.3 5.2 7.5 2.5 2 0 3 1 1
260.5 3813.5 245.9 353 0 12.4 6.5 5.0 2.5 2 0 2 4 4
359.2 3606.3 249.4 85 0 12.4 6.5 7.5 2.5 2 0 3 1 1
176.2 3631.7 253.1 92 0 32.4 23.0 17.5 0.0 0 0 7 2 2
248.6 3641.9 249.0 0 0 13.9 18.4 12.5 0.0 0 1 5 5 5
230.6 3865.0 244.7 92 0 12.9 23.5 12.5 2.5 2 1 5 5 5
364.2 3591.1 249.7 266 0 10.3 5.5 2.5 2.5 2 0 1 0 0
975.8 4107.4 271.8 286 0 9.4 11.9 10.5 3.5 2 1 3 5 5
804.0 4083.8 265.7 193 0 9.4 89.8 10.5 3.5 2 1 3 0 0
931.8 4118.9 270.2 286 0 10.8 10.1 14.0 3.5 2 0 4 0 0
938.0 4047.7 267.9 103 0 91.4 9.2 10.5 3.5 2 0 3 4 4
819.0 3993.2 268.1 322 0 13.5 10.5 14.0 3.5 2 0 4 5 5
808.0 3921.6 270.3 85 0 8.5 8.0 5.0 2.5 2 0 2 0 0
398.3 3887.5 250.4 176 0 11.4 5.5 5.0 2.5 2 0 2 4 4
355.9 3754.3 250.3 279 0 16.3 13.0 7.5 2.5 2 0 3 4 4
450.3 3869.5 251.6 12 0 6.3 23.7 5.0 2.5 2 1 2 3 3
410.3 3860.1 251.2 277 0 7.7 6.7 5.0 2.5 2 0 2 4 4
355.3 3718.0 250.3 98 0 14.8 8.4 5.0 2.5 2 0 2 1 1
397.8 3904.1 250.1 176 0 11.6 5.2 7.5 0.0 0 0 3 0 0
420.3 3880.4 251.1 86 0 6.4 11.9 5.0 2.5 2 1 2 4 4
414.6 3908.1 250.7 176 0 12.5 6.2 5.0 2.5 2 0 2 2 2
366.6 3700.1 249.9 262 0 7.8 11.3 5.0 2.5 2 1 2 4 4
414.6 3809.3 250.9 184 0 37.9 3.1 7.5 2.5 2 0 3 4 4
1836.0 4072.1 308.2 79 0 13.9 17.3 2.5 2.5 2 1 1 3 3
1788.1 4050.9 311.1 207 0 12.9 11.0 2.5 2.5 2 0 1 5 5
1869.1 4004.6 314.6 259 0 13.0 17.8 5.0 2.5 2 1 2 1 1
1790.7 4108.0 309.8 7 0 21.7 11.8 10.0 2.5 2 0 4 2 2
1890.8 4001.5 314.6 349 0 14.6 11.1 2.5 0.0 0 0 1 3 3
1897.3 4034.6 311.4 164 0 9.6 19.3 5.0 2.5 2 1 2 1 1
1879.5 3947.6 318.9 199 0 15.0 23.1 10.0 2.5 2 1 4 4 4
1896.7 4049.8 310.2 164 0 12.4 16.8 5.0 2.5 2 1 2 5 5
1771.1 3871.8 321.7 288 0 30.7 12.8 10.0 2.5 2 0 4 2 2
1921.5 3936.1 320.7 282 0 17.6 12.1 7.5 0.0 0 0 3 1 1
1852.3 4075.5 307.4 79 0 11.4 18.8 7.5 2.5 2 1 3 3 3
1889.4 4067.5 308.9 164 0 17.8 13.7 7.5 2.5 2 0 3 4 4
966.3 3687.0 280.7 2 0 19.3 19.2 12.5 0.0 0 0 5 4 4
945.4 3827.1 279.2 177 0 12.7 29.2 15.0 0.0 0 1 6 0 0
858.6 3804.6 277.5 157 0 8.2 10.7 2.5 2.5 2 1 1 3 3
863.2 3793.6 278.0 160 0 8.9 11.3 2.5 2.5 2 1 1 2 2
836.0 3846.1 277.1 168 0 5.9 5.9 7.5 2.5 2 1 3 4 4
1031.5 3697.5 290.4 1 0 12.9 19.4 12.5 2.5 4 1 5 0 0
1008.2 3673.7 287.8 88 0 10.9 11.9 5.0 2.5 2 1 2 5 5
853.2 3821.2 277.1 159 0 9.0 10.7 7.5 2.5 2 1 3 1 1
838.2 3866.7 276.7 71 0 8.0 5.6 5.0 2.5 2 0 2 4 4
880.3 3743.7 279.3 171 0 7.4 11.5 7.5 2.5 2 1 3 5 5
1044.2 3818.7 283.1 84 0 18.5 15.4 12.5 2.5 4 0 5 1 1
1076.3 3822.0 284.1 87 0 23.2 10.5 7.5 2.5 2 0 3 4 4
883.4 3774.3 280.0 168 0 8.7 6.2 7.5 2.5 2 0 3 1 1
987.2 3652.3 278.5 287 0 23.2 19.2 10.0 2.5 2 0 4 3 3
1668.9 3894.6 307.8 67 0 8.6 8.4 7.5 2.5 2 0 3 1 1
1769.2 4052.1 312.2 23 0 9.7 9.0 7.5 0.0 0 0 3 1 1
1718.3 4083.8 313.3 8 0 8.4 7.7 5.0 2.5 2 0 2 4 4
1695.1 4015.0 314.1 215 0 13.3 8.7 7.5 2.5 2 0 3 4 4
1929.3 3850.4 318.3 187 0 15.9 19.5 10.0 2.5 2 1 4 5 5
1706.5 3922.6 314.7 329 0 8.1 11.7 7.5 2.5 2 1 3 1 1
1719.2 4134.5 312.3 354 0 7.5 7.8 7.5 2.5 2 1 3 5 5
1677.6 4110.7 312.8 357 0 10.3 10.9 7.5 2.5 2 1 3 5 5
1635.1 3880.2 300.5 74 0 8.2 9.0 5.0 2.5 2 1 2 3 3
1927.0 3871.6 319.8 187 0 11.0 20.9 7.5 2.5 2 1 3 2 2
1709.2 3986.0 314.3 219 0 9.6 5.5 5.0 2.5 2 0 2 0 0
1720.2 4114.8 312.7 358 0 7.7 7.6 7.5 2.5 2 0 3 1 1
1703.5 4068.5 313.6 17 0 9.3 7.7 7.5 2.5 2 0 3 3 3
1647.8 3961.1 310.0 142 0 9.3 11.9 7.5 2.5 2 1 3 1 1
1923.6 3832.2 321.7 185 0 12.9 19.8 12.5 2.5 2 1 5 0 0
1672.5 4064.6 313.0 18 0 8.5 11.8 7.5 2.5 4 1 3 2 2
1626.7 3927.3 303.7 249 0 11.0 8.1 7.5 2.5 4 0 3 2 2
1666.8 3944.3 310.6 246 0 8.8 7.2 2.5 2.5 2 0 1 1 1
1652.0 3886.6 304.2 76 0 8.1 7.6 5.0 2.5 2 0 2 0 0
1928.9 3885.0 320.0 187 0 10.3 22.9 7.5 2.5 2 1 3 5 5
1719.8 4098.4 313.0 5 0 7.3 7.5 5.0 2.5 2 1 2 1 1
1667.0 4164.9 311.9 263 0 10.0 9.0 2.5 2.5 4 0 1 4 4
1136.5 4303.6 273.5 349 0 24.7 18.0 10.0 2.5 2 0 4 2 2
964.7 4476.7 243.0 265 0 8.7 21.1 7.5 2.5 2 1 3 3 3
672.3 4373.1 246.8 89 0 18.5 12.2 2.5 2.5 2 0 1 3 3
698.6 4407.4 244.9 271 0 12.9 13.8 5.0 0.0 0 1 2 3 3
966.8 4430.9 245.1 81 0 8.9 20.6 7.5 2.5 2 1 3 0 0
666.6 4355.0 248.6 88 0 13.0 12.9 5.0 2.5 2 0 2 0 0
1022.9 4480.5 244.3 261 0 16.0 18.7 10.0 2.5 2 1 4 5 5
890.7 4382.8 249.3 86 0 44.7 10.8 7.5 2.5 2 0 3 2 2
838.0 4441.4 243.4 85 0 7.0 8.0 5.0 2.5 2 1 2 0 0
1030.5 4439.9 247.4 82 0 15.9 18.3 10.0 2.5 2 1 4 5 5
619.1 4427.8 241.3 271 0 12.5 24.2 12.5 2.5 2 1 5 4 4
1089.6 4399.8 258.8 264 0 44.5 13.9 12.5 0.0 0 0 5 5 5
887.4 4434.0 245.7 267 0 46.9 14.1 12.5 2.5 2 0 5 2 2
912.8 4410.7 247.6 356 0 11.4 47.5 10.0 2.5 2 1 4 5 5
582.8 4343.7 243.8 86 0 16.7 53.3 10.0 2.5 2 1 4 2 2
980.0 4475.3 243.2 260 0 16.3 18.4 10.0 2.5 2 1 4 4 4
925.7 4510.1 238.6 239 0 12.5 19.2 2.5 2.5 2 1 1 4 4
587.4 4499.9 232.4 88 0 13.7 7.4 2.5 2.5 2 0 1 4 4
629.4 4486.9 234.7 84 0 9.3 6.9 7.5 2.5 2 0 3 1 1
975.0 4499.5 240.9 268 0 6.1 6.4 5.0 2.5 2 1 2 3 3
998.7 4437.9 245.4 83 0 16.9 19.7 10.0 2.5 2 1 4 5 5
467.2 4325.3 241.0 80 0 8.8 23.9 2.5 2.5 2 1 1 3 3
450.2 4320.2 239.5 83 0 11.3 30.0 12.5 2.5 2 1 5 2 2
780.4 4300.5 255.8 255 0 39.1 19.3 12.5 2.5 2 0 5 4 4
618.4 4004.0 252.3 342 0 12.1 93.2 10.0 2.5 2 1 4 5 5
482.2 3943.5 252.2 265 0 9.3 6.4 7.5 2.5 2 0 3 0 0
1618.0 4075.3 310.2 194 0 8.8 9.1 2.5 0.0 0 1 1 4 4
1599.0 3989.7 306.2 73 0 19.0 11.2 7.5 2.5 2 0 3 2 2
1633.2 3973.1 308.4 68 0 15.5 11.2 5.0 2.5 2 0 2 3 3
1655.9 4107.1 312.5 179 0 11.7 9.3 2.5 2.5 4 0 1 1 1
1701.4 4055.8 313.6 14 0 9.9 10.4 5.0 2.5 2 1 2 4 4
1496.8 4157.4 306.4 268 0 11.7 10.7 5.0 2.5 2 0 2 3 3
1459.1 4016.6 298.0 139 0 13.6 9.1 2.5 2.5 2 0 1 2 2
1642.1 4155.5 312.0 270 0 9.8 9.4 5.0 2.5 2 0 2 2 2
1601.6 4054.3 308.4 217 0 8.8 9.4 5.0 2.5 2 1 2 3 3
1635.2 4044.7 310.4 232 0 16.2 5.0 5.0 2.5 2 0 2 3 3
1708.6 4132.3 312.4 356 0 10.7 7.8 5.0 2.5 2 0 2 4 4
1536.6 3985.7 302.2 94 0 11.6 8.2 2.5 2.5 2 0 1 0 0
1620.7 4126.3 311.7 173 0 9.1 9.6 5.0 2.5 2 1 2 4 4
1602.2 4023.0 307.5 246 0 13.2 10.0 5.0 2.5 2 0 2 1 1
1574.6 4039.3 306.0 257 0 12.1 9.8 7.5 2.5 2 0 3 3 3
1710.4 4117.6 312.6 357 0 9.9 10.0 5.0 2.5 2 1 2 1 1
1611.5 4164.6 311.2 252 0 8.5 7.4 5.0 2.5 2 0 2 1 1
1581.8 4014.1 305.7 262 0 11.5 8.2 7.5 2.5 2 0 3 0 0
1569.3 4055.9 306.3 266 0 8.8 10.4 7.5 2.5 2 1 3 4 4
1685.5 4170.8 311.8 265 0 11.0 14.9 7.5 2.5 2 1 3 5 5
1516.7 4156.9 307.4 262 0 6.9 11.1 7.5 2.5 2 1 3 2 2
1584.2 3909.9 297.8 262 0 16.1 14.0 2.5 2.5 2 0 1 1 1
1481.6 3902.6 292.8 20 0 16.2 23.4 10.0 0.0 0 1 4 1 1
1418.4 4351.6 321.1 98 0 14.9 19.6 10.0 2.5 2 1 4 1 1
1585.4 4336.7 313.9 180 0 6.4 8.7 7.5 2.5 4 1 3 1 1
1585.7 4260.4 310.4 174 0 37.2 20.5 10.0 0.0 0 0 4 2 2
724.9 4223.4 260.2 71 0 9.6 21.7 5.0 2.5 4 1 2 4 4
1619.3 4027.1 309.0 245 0 9.6 7.5 7.5 2.5 2 0 3 5 5
1577.3 3983.7 304.8 79 0 11.1 7.1 5.0 2.5 2 0 2 0 0
1622.7 3949.2 306.1 336 0 6.7 7.6 7.5 2.5 4 1 3 5 5
1599.6 4184.9 311.0 174 0 17.9 16.5 7.5 2.5 2 0 3 1 1
1637.7 4010.8 309.8 63 0 11.0 8.2 2.5 2.5 2 0 1 3 3
347.8 4211.6 238.0 270 0 9.4 5.8 5.0 2.5 4 0 2 2 2
400.8 3934.2 249.8 176 0 13.8 7.8 5.0 2.5 2 0 2 5 5
268.7 4135.0 238.1 177 0 8.2 7.7 2.5 2.5 4 0 1 0 0
398.4 3946.7 249.6 174 0 6.5 9.1 7.5 2.5 2 1 3 3 3
449.4 3932.2 250.7 354 0 6.9 28.4 5.0 2.5 4 1 2 5 5
402.0 4143.3 243.8 180 0 6.1 8.6 7.5 2.5 2 1 3 3 3
271.8 4115.7 238.8 178 0 22.9 12.3 10.0 2.5 2 0 4 3 3
266.4 4054.9 242.6 88 0 4.2 11.9 7.5 2.5 2 1 3 1 1
821.1 3708.1 268.2 225 0 7.9 5.7 5.0 2.5 2 0 2 4 4
1197.6 3947.3 283.3 268 0 7.1 21.4 7.5 2.5 2 1 3 1 1
1173.7 3912.5 282.2 177 0 13.9 26.3 10.0 0.0 0 1 4 5 5
1182.3 3947.5 283.7 268 0 6.7 21.8 7.5 2.5 2 1 3 3 3
1068.0 4084.7 278.3 178 0 8.5 10.0 5.0 2.5 2 1 2 0 0
1307.6 3941.2 287.3 75 0 15.3 9.9 5.0 2.5 2 0 2 1 1
1061.7 4025.6 279.1 196 0 10.1 11.6 2.5 2.5 2 1 1 0 0
1058.3 3959.6 279.6 25 0 11.2 8.6 5.0 2.5 2 0 2 1 1
1372.3 4000.1 292.1 236 0 7.1 6.4 5.0 0.0 0 0 2 4 4
1065.9 4056.5 278.7 182 0 8.2 11.3 2.5 2.5 4 1 1 4 4
1048.1 3964.4 279.1 34 0 9.0 5.3 7.5 2.5 2 0 3 1 1
1073.2 3985.8 279.9 18 0 7.4 10.9 5.0 2.5 4 1 2 1 1
1050.5 3997.4 279.0 205 0 6.4 11.4 7.5 0.0 0 1 3 5 5
1093.3 4086.6 278.9 358 0 9.1 10.8 2.5 2.5 2 1 1 4 4
1091.9 4069.8 279.0 4 0 7.9 11.4 7.5 2.5 2 1 3 0 0
1135.6 3873.4 282.3 274 0 23.8 7.1 5.0 2.5 4 0 2 4 4
1405.9 3939.3 291.0 97 0 24.0 12.6 10.0 2.5 2 0 4 1 1
1074.1 3913.1 281.6 184 0 13.3 13.2 2.5 2.5 2 0 1 0 0
1035.2 3959.6 278.8 212 0 6.3 6.8 5.0 2.5 2 1 2 1 1
1063.9 4041.3 278.9 184 0 8.8 11.6 5.0 2.5 2 1 2 2 2
1379.7 3943.3 290.1 89 0 15.6 7.9 5.0 2.5 2 0 2 1 1
1361.6 3994.2 290.8 236 0 18.9 19.2 10.0 2.5 2 1 4 4 4
482.3 3862.9 251.3 172 0 4.9 17.5 7.5 2.5 4 1 3 3 3
504.6 3863.3 251.2 85 0 7.3 42.1 7.5 2.5 2 1 3 4 4
313.4 3947.1 246.2 177 0 13.7 10.1 5.0 2.5 2 0 2 4 4
1278.6 4034.7 290.0 81 0 9.7 12.4 5.0 2.5 2 1 2 5 5
1251.8 4028.9 289.1 81 0 10.2 11.5 5.0 2.5 2 1 2 0 0
1303.3 4093.0 292.9 352 0 8.5 11.2 5.0 0.0 0 1 2 5 5
1281.0 4020.6 289.5 81 0 9.8 10.6 7.5 2.5 2 1 3 5 5
1293.6 4038.3 290.5 81 0 10.2 11.3 2.5 2.5 4 1 1 5 5
1236.9 4037.1 288.6 261 0 10.4 10.5 5.0 2.5 2 1 2 2 2
1264.1 4031.6 289.5 81 0 9.5 10.8 5.0 2.5 2 1 2 0 0
1266.6 4125.2 291.9 264 0 24.3 8.5 7.5 2.5 2 0 3 1 1
1295.8 4023.5 290.0 81 0 9.5 11.5 5.0 2.5 2 1 2 3 3
-108.3 4665.2 212.3 90 0 13.0 30.8 12.5 2.5 2 1 5 4 4
-59.4 4689.3 206.4 357 0 7.1 39.2 7.5 0.0 0 1 3 3 3
-60.0 4678.4 206.4 357 0 9.2 34.9 7.5 2.5 2 1 3 3 3
-29.6 4695.7 204.3 176 0 12.5 22.5 10.0 2.5 2 1 4 1 1
198.6 4615.9 210.6 92 0 6.9 6.0 7.5 2.5 4 0 3 1 1
128.0 4598.9 211.3 87 0 6.6 6.2 2.5 2.5 4 0 1 3 3
251.6 4662.2 205.4 359 0 18.5 10.1 5.0 2.5 2 0 2 4 4
-213.7 4632.3 218.0 89 0 12.9 31.1 10.0 2.5 2 1 4 1 1
-152.6 4660.9 215.6 91 0 10.4 30.2 17.5 0.0 0 1 7 4 4
-199.3 4640.7 218.2 89 0 11.5 23.9 10.0 2.5 2 1 4 1 1
-137.9 4666.4 214.7 90 0 12.1 27.0 12.5 2.5 2 1 5 4 4
-183.3 4649.1 217.3 90 0 13.3 37.5 12.5 2.5 2 1 5 5 5
-168.4 4653.5 216.6 89 0 8.6 23.2 7.5 2.5 4 1 3 4 4
-114.1 3954.2 240.6 173 0 23.5 24.0 12.5 2.5 2 1 5 2 2
-5.9 4110.0 238.9 287 0 22.9 32.9 5.0 0.0 0 1 2 1 1
111.4 4158.9 237.4 191 0 9.9 36.5 7.5 2.5 2 1 3 5 5
116.4 4178.9 237.3 187 0 10.2 19.0 5.0 2.5 4 1 2 5 5
72.6 4024.9 241.6 14 0 9.2 20.2 5.0 2.5 2 1 2 2 2
-34.3 3981.0 241.3 267 0 10.9 16.9 2.5 0.0 0 1 1 3 3
3.3 4032.5 240.2 98 0 17.0 24.7 10.0 2.5 2 1 4 4 4
17.5 4092.2 239.5 286 0 17.2 23.3 12.5 2.5 2 1 5 4 4
-154.9 4110.9 237.9 192 0 13.7 39.3 10.0 2.5 2 1 4 0 0
-25.3 4029.9 239.6 98 0 23.6 32.3 7.5 0.0 0 1 3 1 1
1742.6 4269.2 304.8 181 0 31.0 16.8 10.0 2.5 2 0 4 3 3
201.1 4263.4 236.1 93 0 10.4 26.0 10.0 2.5 4 1 4 3 3
221.9 4260.5 235.8 92 0 9.5 25.9 5.0 2.5 2 1 2 1 1
284.7 4507.2 219.6 89 0 11.1 10.6 5.0 2.5 2 0 2 0 0
278.7 4499.5 221.5 273 0 21.2 9.9 2.5 2.5 2 0 1 0 0
286.2 4464.4 225.3 269 0 13.1 11.0 7.5 2.5 2 0 3 1 1
329.1 4456.1 224.0 359 0 6.2 22.6 7.5 2.5 2 1 3 4 4
180.4 4266.0 236.2 98 0 10.0 48.7 7.5 0.0 0 1 3 4 4
278.7 4475.3 223.1 89 0 14.1 8.8 2.5 0.0 0 0 1 5 5
293.2 4425.8 229.2 270 0 13.3 11.3 2.5 0.0 0 0 1 3 3
330.2 4418.3 227.6 6 0 6.8 24.2 2.5 0.0 0 1 1 1 1
248.8 4234.5 235.2 180 0 15.5 33.6 10.0 2.5 2 1 4 4 4
193.1 4249.1 236.3 273 0 9.1 24.3 2.5 2.5 2 1 1 0 0
178.6 4252.4 236.5 272 0 9.6 24.8 5.0 2.5 2 1 2 1 1
258.0 4503.8 222.0 359 0 17.2 8.1 7.5 2.5 2 0 3 3 3
-121.4 4343.1 235.2 0 0 12.8 3.9 5.0 0.0 0 0 2 4 4
-19.1 3688.4 248.9 354 0 29.5 15.3 17.5 0.0 0 0 7 4 4
30.1 3660.9 251.0 262 0 13.4 18.3 15.0 0.0 0 1 6 0 0
47.1 3329.6 283.4 90 0 16.5 16.2 12.5 2.5 2 0 5 4 4
98.9 3315.3 286.3 92 0 13.5 27.2 12.5 0.0 0 1 5 4 4
127.8 3320.7 282.1 97 0 22.2 20.8 7.5 0.0 0 0 3 0 0
-1006.3 3560.1 306.0 280 0 18.7 4.3 2.5 2.5 2 0 1 0 0
-808.0 3628.7 305.0 64 0 18.1 19.2 12.5 2.5 2 1 5 3 3
760.5 4599.2 224.8 86 0 5.1 13.8 5.0 2.5 2 1 2 5 5
719.7 4594.2 224.5 84 0 9.7 13.1 7.5 2.5 2 1 3 1 1
794.2 4635.1 223.0 196 0 4.1 10.6 2.5 2.5 2 1 1 4 4
688.7 4589.0 224.5 86 0 5.4 13.5 2.5 2.5 2 1 1 4 4
795.8 4640.3 222.4 196 0 4.5 10.6 5.0 2.5 2 1 2 0 0
741.4 4597.5 224.5 85 0 4.1 14.9 5.0 2.5 2 1 2 5 5
637.8 4590.8 223.6 87 0 4.4 10.5 7.5 2.5 2 1 3 5 5
697.7 4594.9 224.3 88 0 3.8 11.1 5.0 2.5 2 1 2 3 3
791.4 4612.5 225.0 192 0 8.8 7.6 2.5 0.0 0 0 1 4 4
655.8 4590.8 223.6 92 0 6.3 13.6 7.5 2.5 2 1 3 3 3
750.8 4598.3 224.6 84 0 4.7 14.9 2.5 2.5 2 1 1 2 2
770.3 4601.1 225.1 86 0 5.6 10.2 2.5 2.5 4 1 1 0 0
563.9 4733.5 206.0 87 0 39.9 13.7 7.5 2.5 2 0 3 5 5
693.7 4591.7 224.6 87 0 3.6 10.8 2.5 2.5 2 1 1 4 4
670.1 4591.2 223.9 89 0 9.9 12.4 5.0 2.5 2 1 2 3 3
793.5 4647.5 221.0 173 0 13.2 12.2 7.5 2.5 2 0 3 1 1
155.3 3801.8 246.6 5 0 5.2 12.1 7.5 2.5 2 1 3 3 3
121.2 3707.2 250.7 275 0 9.8 11.3 7.5 2.5 2 1 3 3 3
-15.5 3774.8 245.5 80 0 29.1 16.3 7.5 2.5 2 0 3 2 2
14.0 3842.1 244.7 168 0 20.2 6.4 7.5 2.5 2 0 3 4 4
2312.1 4575.3 181.9 236 0 5.1 6.7 5.0 2.5 2 1 2 5 5
-35.1 3624.5 252.3 172 0 8.9 35.7 7.5 0.0 0 1 3 5 5
-15.0 3833.8 244.1 347 0 16.1 33.0 12.5 0.0 0 1 5 4 4
125.8 3668.2 251.5 96 0 11.4 13.5 10.0 2.5 4 1 4 0 0
96.1 3713.2 249.7 277 0 16.8 11.7 2.5 2.5 2 0 1 3 3
4.5 3659.2 251.0 259 0 13.9 35.7 10.0 2.5 2 1 4 1 1
15.0 3775.1 245.7 81 0 7.5 20.8 7.5 2.5 2 1 3 2 2
139.7 3666.6 252.0 96 0 11.4 13.5 2.5 2.5 2 1 1 3 3
143.2 3722.4 250.6 99 0 28.1 7.2 7.5 2.5 2 0 3 1 1
32.8 3851.5 244.8 347 0 8.3 7.6 2.5 2.5 4 0 1 0 0
102.6 3642.8 252.9 92 0 10.0 13.4 5.0 2.5 2 1 2 2 2
37.3 3840.2 245.0 349 0 5.5 14.6 5.0 2.5 2 1 2 4 4
36.1 3862.7 244.6 345 0 6.2 15.5 2.5 0.0 0 1 1 4 4
89.3 3972.0 243.3 10 0 6.3 5.1 5.0 2.5 2 0 2 3 3
1084.1 4412.9 253.0 83 0 7.8 43.7 7.5 0.0 0 1 3 2 2
32.3 4049.8 240.8 289 0 6.0 5.8 5.0 2.5 2 0 2 1 1
205.0 4030.8 242.4 184 0 5.6 7.6 7.5 0.0 0 1 3 0 0
102.0 4038.2 242.4 9 0 9.4 3.5 5.0 2.5 2 0 2 5 5
199.9 4059.6 241.2 97 0 25.9 9.9 7.5 2.5 2 0 3 5 5
339.8 4412.5 226.2 151 0 9.2 48.8 7.5 2.5 2 1 3 0 0
361.4 4382.8 230.4 241 0 48.8 9.2 7.5 2.5 2 0 3 4 4
361.1 4452.9 224.0 241 0 48.8 9.2 7.5 2.5 4 0 3 4 4
409.7 4410.1 230.2 241 0 48.8 9.2 7.5 2.5 4 0 3 0 0
411.5 4447.8 226.0 61 0 48.8 9.2 7.5 0.0 0 0 3 4 4
426.0 4391.7 232.7 332 0 7.4 29.9 7.5 2.5 2 1 3 0 0
413.8 4472.2 223.7 61 0 48.8 9.2 7.5 2.5 2 0 3 3 3
341.1 4390.7 228.2 151 0 9.2 48.8 7.5 2.5 2 1 3 5 5
341.0 4348.2 234.8 180 0 8.1 69.9 7.5 2.5 2 1 3 1 1
390.1 4326.8 235.1 89 0 39.6 11.7 7.5 2.5 2 0 3 5 5
408.4 4433.9 228.0 241 0 48.8 9.2 7.5 2.5 2 0 3 2 2
819.8 4762.2 207.9 352 0 14.8 40.1 10.0 0.0 0 1 4 3 3
1125.3 3778.3 277.3 214 0 13.1 27.6 12.5 2.5 2 1 5 2 2
1248.8 3887.7 273.8 244 0 18.2 21.8 10.0 2.5 2 1 4 0 0
1207.4 3852.3 272.7 185 0 17.4 15.9 10.0 2.5 2 0 4 1 1
1122.8 3669.7 278.9 94 0 18.9 16.4 10.0 2.5 2 0 4 3 3
1215.1 3903.8 282.0 56 0 19.2 9.7 7.5 2.5 4 0 3 5 5
1103.4 3730.3 278.8 187 0 10.5 29.4 10.0 2.5 2 1 4 4 4
1138.6 3653.4 277.9 139 0 11.4 27.8 10.0 2.5 2 1 4 2 2
1104.8 3743.0 279.2 182 0 9.1 26.6 7.5 2.5 2 1 3 2 2
1223.7 3839.0 269.2 185 0 14.2 14.0 10.0 2.5 2 0 4 4 4
1145.9 3641.0 278.2 140 0 12.5 28.4 12.5 2.5 2 1 5 3 3
1107.9 3711.9 279.3 133 0 10.3 18.1 5.0 0.0 0 1 2 4 4
1116.5 3770.1 279.1 214 0 6.1 20.6 7.5 2.5 2 1 3 2 2
1173.2 3806.5 276.5 239 0 9.3 14.9 7.5 2.5 2 1 3 4 4
1858.2 4310.3 293.3 358 0 8.7 7.1 7.5 0.0 0 0 3 2 2
1312.8 3906.5 282.2 267 0 7.6 8.8 7.5 2.5 4 1 3 5 5
1346.9 3916.5 284.9 266 0 9.2 12.3 5.0 2.5 2 1 2 3 3
1292.0 3885.6 277.1 229 0 8.6 6.8 5.0 2.5 2 0 2 1 1
744.1 3569.5 248.7 32 0 4.6 7.7 5.0 0.0 0 1 2 3 3
924.1 3233.1 257.6 9 0 7.4 6.1 7.5 2.5 2 0 3 4 4
948.1 3504.4 256.8 316 0 12.7 4.8 5.0 2.5 2 0 2 4 4
924.1 3529.3 257.9 317 0 10.5 4.7 5.0 2.5 2 0 2 3 3
1799.6 4093.6 309.1 187 0 24.4 14.3 12.5 0.0 0 0 5 1 1
-3444.9 3539.0 106.1 95 0 45.6 16.9 10.0 2.5 2 0 4 2 2
-3380.0 3536.3 113.0 241 0 17.5 6.4 2.5 2.5 4 0 1 4 4
-1123.4 1799.8 414.0 186 0 11.6 12.7 2.5 2.5 4 1 1 4 4
-1051.7 1830.2 408.6 5 0 4.9 21.3 5.0 2.5 2 0 2 3 3
-1056.9 1819.3 409.5 6 0 11.4 12.2 2.5 2.5 2 1 1 2 2
-989.1 1749.7 413.4 96 0 25.1 19.9 10.0 2.5 2 0 4 2 2
-1068.8 1762.4 414.3 96 0 12.7 11.6 7.5 2.5 2 0 3 4 4
-1052.6 1872.8 405.0 276 0 10.8 16.4 5.0 0.0 0 1 2 2 2
-1125.7 1775.7 416.2 186 0 11.6 12.7 5.0 2.5 2 1 2 5 5
-1046.2 1806.5 410.2 5 0 8.9 24.5 2.5 2.5 2 1 1 3 3
-1096.9 1739.4 415.9 87 0 55.5 19.3 12.5 0.0 0 0 5 5 5
79.7 3059.3 322.2 68 0 10.8 9.2 5.0 2.5 2 0 2 1 1
-1139.4 1836.0 410.1 187 0 16.8 47.4 17.5 0.0 0 1 7 5 5
-1078.3 1843.5 408.8 275 0 12.8 13.2 7.5 2.5 2 0 3 0 0
-3908.8 1491.3 302.1 155 0 8.7 23.7 2.5 2.5 4 1 1 5 5
-3939.2 1513.8 299.0 245 0 22.2 7.7 2.5 2.5 2 0 1 1 1
2328.0 4550.9 182.0 354 0 8.0 10.1 7.5 2.5 2 1 3 3 3
2997.0 2619.8 -239.1 19 0 6.3 20.7 5.0 0.0 0 1 2 5 5
2942.3 2652.6 -232.9 295 0 24.7 23.4 15.0 0.0 0 0 6 1 1
2948.7 2619.7 -235.0 116 0 10.1 26.8 12.5 2.5 4 1 5 0 0
2962.1 2688.6 -231.8 133 0 74.9 9.2 7.5 2.5 2 0 3 1 1
2927.3 2661.9 -229.6 295 0 7.8 31.3 5.0 2.5 2 1 2 4 4
846.4 4231.9 262.5 346 0 17.1 41.3 10.0 2.5 2 1 4 3 3
1072.8 4144.5 277.0 350 0 15.0 21.5 12.5 2.5 2 1 5 2 2
528.4 3961.0 252.2 255 0 8.2 5.6 7.5 2.5 2 0 3 4 4
517.1 3973.4 252.3 170 0 30.6 4.2 5.0 0.0 0 0 2 4 4
6812.2 6568.1 -421.7 80 0 11.5 73.8 12.5 2.5 2 1 5 5 5
6796.6 6669.4 -420.7 262 0 11.3 13.6 7.5 2.5 2 1 3 5 5
6845.3 6589.5 -423.1 78 0 11.4 24.9 10.0 2.5 2 1 4 5 5
6781.8 6511.2 -421.1 261 0 9.8 18.7 7.5 0.0 0 1 3 0 0
6763.2 6589.8 -419.5 170 0 24.5 12.1 10.0 2.5 4 0 4 1 1
6798.6 6513.2 -421.8 262 0 8.3 14.5 7.5 2.5 2 1 3 3 3
6820.1 6517.1 -422.5 261 0 11.9 23.8 7.5 0.0 0 1 3 5 5
6834.0 6658.6 -422.7 261 0 10.8 40.6 12.5 2.5 2 1 5 0 0
6776.3 6557.2 -420.0 82 0 14.4 17.3 5.0 2.5 2 1 2 0 0
6892.6 6511.8 -423.6 173 0 7.0 6.1 5.0 0.0 0 0 2 1 1
6862.0 6512.9 -423.1 349 0 24.0 8.6 5.0 2.5 2 0 2 3 3
6805.3 6459.3 -422.5 80 0 73.6 24.4 12.5 0.0 0 0 5 4 4
1495.2 4216.6 308.5 261 0 20.3 12.5 10.0 2.5 2 0 4 3 3
1274.6 4180.7 291.5 352 0 15.8 20.2 10.0 2.5 2 1 4 0 0
