5357.5 -5848.1 -2.3 281 0 11.8 17.8 2.5 2.5 2 1 1 2 2
5319.1 -5865.2 -2.4 284 0 14.7 10.8 7.5 2.5 2 0 3 0 0
5422.1 -5972.6 -4.5 9 0 21.4 5.0 7.5 2.5 2 0 3 2 2
5417.8 -5997.0 -4.6 6 0 12.1 8.4 5.0 2.5 2 0 2 3 3
5477.5 -5668.3 -3.1 98 0 34.5 21.0 10.0 0.0 0 0 4 1 1
5745.5 -5743.2 -7.6 279 0 22.8 24.6 7.5 0.0 0 1 3 3 3
5693.7 -5735.2 -7.2 279 0 49.4 25.4 5.0 0.0 0 0 2 0 0
5407.8 -5933.2 -3.7 8 0 14.5 12.4 7.5 2.5 2 0 3 5 5
5427.9 -5936.0 -4.2 8 0 16.0 17.3 7.5 2.5 2 1 3 5 5
5426.6 -5895.4 -3.9 10 0 47.2 13.2 7.5 2.5 2 0 3 2 2
5678.3 -6044.4 -8.0 7 0 13.4 7.8 5.0 2.5 2 0 2 4 4
5592.8 -5992.8 -6.5 10 0 11.4 37.8 7.5 2.5 2 1 3 1 1
5506.7 -5825.0 -5.5 101 0 53.0 18.4 12.5 2.5 4 0 5 4 4
5500.3 -5727.4 -5.1 189 0 28.7 54.8 12.5 0.0 0 1 5 0 0
5227.1 -5565.4 -3.4 190 0 7.3 8.7 7.5 2.5 2 1 3 5 5
