-6863.4 1963.2 -3.5 308 0 37.4 18.1 5.0 2.5 2 0 2 0 0
-6787.3 2171.7 -3.9 216 0 32.6 71.6 10.0 0.0 0 1 4 4 4
-6881.7 2028.3 -3.7 218 0 13.4 66.2 7.5 0.0 0 1 3 2 2
-6865.9 2049.4 -3.7 218 0 13.6 66.1 10.0 2.5 2 1 4 3 3
-6851.9 2067.7 -3.7 217 0 12.9 66.3 10.0 2.5 2 1 4 0 0
-6875.2 2052.3 -3.8 38 0 89.4 17.8 10.0 2.5 2 0 4 0 0
-6836.1 1927.8 -3.5 127 0 9.8 15.4 7.5 0.0 0 1 3 2 2
-6764.4 2002.4 -4.0 308 0 33.6 18.7 12.5 0.0 0 0 5 2 2
-6799.2 1956.0 -3.6 125 0 31.6 18.7 7.5 0.0 0 0 3 1 1
-6807.3 2116.9 -3.8 122 0 13.7 18.0 10.0 2.5 2 1 4 0 0
-6798.6 2089.8 -3.8 130 0 14.6 23.0 12.5 2.5 2 1 5 1 1
-6767.3 2088.0 -3.8 119 0 11.5 17.3 10.0 2.5 2 1 4 4 4
-6769.4 2028.6 -3.7 154 0 8.1 10.1 7.5 2.5 2 1 3 0 0
-6750.2 2043.3 -3.7 313 0 7.8 9.7 5.0 2.5 2 1 2 0 0
-6750.0 2013.3 -4.0 140 0 6.8 10.0 7.5 2.5 4 1 3 5 5
-6716.6 2001.2 -4.2 142 0 5.9 6.7 7.5 2.5 4 1 3 3 3
-6702.3 1998.4 -4.2 75 0 4.5 7.3 2.5 2.5 2 1 1 0 0
-6697.7 1994.7 -4.3 280 0 5.0 7.0 5.0 2.5 2 1 2 4 4
-6704.0 1986.5 -4.2 287 0 5.3 7.0 5.0 2.5 2 1 2 1 1
-6815.0 1895.1 -3.8 128 0 17.9 34.0 7.5 0.0 0 1 3 1 1
-6797.7 1883.2 -4.0 126 0 15.9 33.4 10.0 2.5 2 1 4 5 5
-6781.2 1872.0 -4.1 124 0 19.1 32.3 7.5 0.0 0 1 3 3 3
-6766.6 1862.0 -4.2 128 0 12.6 33.1 10.0 2.5 2 1 4 4 4
-6791.3 1988.0 -3.6 219 0 10.7 19.0 2.5 2.5 2 1 1 1 1
-6849.5 2112.5 -3.8 219 0 24.5 16.4 7.5 0.0 0 0 3 2 2
