-5264.9 -6142.7 -1.5 27 0 64.2 69.2 10.0 0.0 0 1 4 1 1
-4286.7 -5916.1 -2.4 38 0 40.2 8.9 5.0 2.5 2 0 2 0 0
-5531.9 -6503.8 -4.7 223 0 43.8 68.8 7.5 0.0 0 1 3 1 1
-5567.3 -6416.9 -3.3 20 0 31.8 23.8 7.5 0.0 0 0 3 3 3
-5617.1 -6497.9 -4.9 278 0 53.7 131.4 10.0 0.0 0 1 4 2 2
-2498.5 1641.4 -10.8 100 0 19.5 50.6 7.5 2.5 2 1 3 3 3
-4352.6 -6115.5 -3.6 128 0 7.2 10.1 7.5 2.5 2 1 3 2 2
-4260.3 -6227.6 -4.7 309 0 21.4 13.9 15.0 0.0 0 0 6 3 3
-4360.1 -6139.8 -3.9 309 0 55.6 13.4 10.0 2.5 2 0 4 0 0
-4318.7 -5955.3 -2.6 38 0 23.2 9.8 5.0 2.5 2 0 2 2 2
-4429.4 -6103.0 -3.3 308 0 9.4 9.3 7.5 2.5 2 0 3 2 2
-4303.7 -5937.6 -2.5 38 0 14.6 16.4 7.5 2.5 2 0 3 1 1
-4427.0 -6110.8 -3.4 218 0 9.3 12.8 5.0 2.5 2 1 2 5 5
-3952.2 -6464.6 -7.2 92 0 12.8 10.5 5.0 0.0 0 0 2 5 5
-3955.4 -6448.9 -7.1 182 0 9.7 20.1 2.5 0.0 0 1 1 3 3
-3954.2 -6437.1 -7.0 182 0 9.7 20.1 5.0 0.0 0 1 2 4 4
-5202.8 -5155.4 4.7 143 0 10.5 15.7 5.0 2.5 2 1 2 4 4
-5154.0 -5120.2 4.5 323 0 9.9 26.3 7.5 2.5 2 1 3 1 1
-3951.3 -6401.2 -6.7 182 0 9.7 21.0 7.5 0.0 0 1 3 3 3
-5020.8 -5721.9 0.9 308 0 6.3 19.0 2.5 2.5 2 0 1 0 0
-5099.6 -5655.2 1.5 307 0 19.4 39.0 10.0 2.5 4 1 4 1 1
-4958.9 -5986.2 -1.1 199 0 25.7 12.1 5.0 0.0 0 0 2 2 2
-3812.7 -6231.9 -5.9 9 0 7.5 31.4 2.5 2.5 2 1 1 0 0
-3813.7 -6241.1 -6.0 9 0 7.9 31.7 7.5 2.5 2 1 3 3 3
-3845.2 -6227.4 -5.8 12 0 31.8 7.3 7.5 2.5 2 0 3 2 2
-3854.5 -6224.8 -5.8 12 0 31.5 7.0 7.5 2.5 2 0 3 4 4
-4307.5 -5636.4 -1.0 214 0 6.2 16.8 2.5 2.5 2 0 1 3 3
-4325.7 -5663.6 -1.1 214 0 11.9 17.8 2.5 2.5 2 0 1 2 2
-4315.8 -5648.8 -1.0 214 0 23.6 17.8 10.0 2.5 2 0 4 3 3
-4281.2 -5623.1 -1.1 214 0 14.3 29.6 10.0 2.5 2 1 4 2 2
-4318.0 -4816.3 0.9 265 0 6.8 7.9 5.0 2.5 2 1 2 3 3
-4430.3 -4990.0 1.3 86 0 11.2 19.1 5.0 2.5 2 1 2 5 5
-5219.9 -4502.9 5.9 172 0 18.3 4.5 5.0 0.0 0 0 2 4 4
-5265.0 -4486.0 6.3 86 0 15.2 14.3 5.0 2.5 4 0 2 1 1
-5292.8 -4519.8 6.4 356 0 37.0 13.7 7.5 2.5 2 0 3 2 2
-5321.6 -4640.1 6.0 175 0 53.0 37.1 10.0 0.0 0 0 4 2 2
-5294.6 -5303.8 4.4 207 0 16.6 33.0 15.0 0.0 0 1 6 4 4
-5710.4 -5853.2 1.9 290 0 19.9 27.2 10.0 2.5 2 0 4 5 5
-5720.8 -5882.5 1.8 289 0 8.6 18.7 5.0 2.5 2 0 2 1 1
-5740.9 -5842.0 2.1 290 0 6.9 20.7 5.0 2.5 2 1 2 3 3
-5724.6 -5848.1 2.0 290 0 10.4 27.2 10.0 2.5 2 0 4 2 2
-5670.9 -5862.5 1.6 295 0 40.6 28.1 7.5 0.0 0 0 3 1 1
-5782.6 -5891.0 1.7 299 0 19.6 52.4 7.5 2.5 2 1 3 3 3
-5744.5 -5945.9 1.5 25 0 9.3 21.0 2.5 0.0 0 1 1 2 2
-5724.5 -5977.9 1.1 115 0 14.1 25.2 7.5 0.0 0 1 3 2 2
-5694.2 -5977.2 1.0 25 0 25.4 14.0 7.5 2.5 2 0 3 5 5
-4676.0 -5518.6 0.9 219 0 6.8 36.9 2.5 2.5 2 0 1 5 5
-4684.5 -5529.1 0.9 219 0 6.7 36.9 2.5 2.5 2 0 1 5 5
-4676.8 -5548.9 0.9 128 0 36.8 7.6 7.5 2.5 2 0 3 3 3
-4680.6 -5553.7 0.9 128 0 36.8 6.1 7.5 2.5 2 0 3 4 4
-4684.8 -5558.9 0.9 129 0 36.9 6.7 2.5 2.5 2 0 1 1 1
-4696.5 -5560.1 0.8 129 0 20.2 8.4 7.5 2.5 2 0 3 2 2
-4671.9 -5513.4 0.9 219 0 6.5 36.9 5.0 2.5 2 0 2 3 3
-4680.3 -5523.8 0.9 219 0 6.9 36.9 7.5 2.5 2 0 3 2 2
-4775.7 -5612.2 1.0 309 0 12.4 10.4 5.0 2.5 2 0 2 3 3
-4822.2 -5611.3 1.1 218 0 14.3 3.4 5.0 2.5 2 0 2 2 2
-4838.0 -5635.5 0.9 218 0 16.7 20.6 10.0 2.5 2 0 4 0 0
-4887.3 -5664.2 0.7 221 0 15.2 39.2 15.0 0.0 0 1 6 4 4
-5075.6 -6588.9 -5.9 48 0 15.5 13.0 2.5 2.5 2 0 1 1 1
-5055.4 -6571.0 -5.8 48 0 38.4 16.3 10.0 2.5 2 0 4 4 4
-5009.4 -6520.3 -5.5 318 0 13.5 45.4 12.5 2.5 2 1 5 4 4
-5122.9 -6429.5 -4.6 298 0 31.8 46.4 7.5 0.0 0 0 3 1 1
-5202.7 -6390.9 -4.1 298 0 33.5 46.1 10.0 0.0 0 0 4 5 5
-3871.5 -6641.2 -9.0 7 0 10.8 21.2 7.5 2.5 4 1 3 4 4
-3867.1 -6609.2 -8.8 7 0 26.9 10.3 10.0 2.5 2 0 4 0 0
-3838.6 -6368.4 -6.8 4 0 13.7 7.6 7.5 2.5 2 0 3 5 5
-3839.5 -6399.4 -7.0 4 0 24.0 15.3 10.0 0.0 0 0 4 3 3
-3889.7 -6428.3 -7.2 184 0 47.5 22.0 10.0 2.5 2 0 4 5 5
-4537.0 -5984.5 -2.2 38 0 66.9 21.8 7.5 2.5 2 0 3 1 1
-4373.2 -5697.2 -1.1 304 0 60.2 13.2 10.0 2.5 2 0 4 3 3
-4433.6 -5788.6 -1.3 124 0 57.9 61.0 7.5 0.0 0 1 3 2 2
-4511.3 -5147.8 1.6 0 0 26.9 13.3 5.0 2.5 2 0 2 5 5
-4995.1 -5139.4 3.8 356 0 7.2 7.7 2.5 2.5 2 0 1 0 0
-4986.4 -5186.6 3.7 86 0 17.6 28.4 7.5 2.5 2 0 3 3 3
-5009.7 -5187.5 3.8 86 0 21.2 60.4 7.5 2.5 2 0 3 5 5
-4979.5 -5301.8 3.3 86 0 66.6 103.0 10.0 0.0 0 1 4 3 3
-4611.6 -5359.0 1.7 53 0 8.8 8.0 7.5 2.5 2 0 3 1 1
-4602.1 -5374.8 1.6 52 0 8.7 8.0 5.0 2.5 2 0 2 5 5
-4686.1 -5412.2 1.7 53 0 93.4 34.4 7.5 0.0 0 0 3 2 2
-4946.0 -5002.5 3.6 87 0 11.3 11.7 5.0 2.5 2 1 2 1 1
-4983.5 -5091.8 3.8 51 0 8.0 6.1 5.0 0.0 0 0 2 2 2
-4834.6 -5082.1 3.1 67 0 12.6 50.2 10.0 2.5 2 0 4 5 5
-4842.4 -5085.4 3.1 67 0 4.3 51.1 7.5 2.5 2 0 3 1 1
-4850.3 -5088.7 3.2 67 0 12.5 50.0 7.5 2.5 2 0 3 5 5
-4863.5 -5094.3 3.2 67 0 15.9 51.0 5.0 2.5 2 0 2 3 3
-4878.1 -5100.5 3.3 67 0 15.6 49.4 10.0 2.5 2 0 4 3 3
-4887.8 -5104.6 3.3 67 0 5.4 51.0 7.5 2.5 2 0 3 0 0
-4859.2 -5020.6 3.2 67 0 33.2 10.4 10.0 2.5 4 0 4 3 3
-4895.5 -5037.1 3.3 67 0 39.4 11.1 5.0 2.5 2 0 2 4 4
-4927.1 -5048.1 3.5 67 0 22.1 9.6 5.0 2.5 2 0 2 3 3
-4693.6 -5125.6 2.3 154 0 22.2 31.6 7.5 0.0 0 1 3 4 4
-4720.0 -5119.2 2.5 65 0 43.7 19.9 10.0 2.5 2 0 4 3 3
-4692.1 -5073.9 2.3 244 0 47.5 28.9 10.0 0.0 0 0 4 4 4
-4608.8 -5014.9 2.1 99 0 5.9 8.1 2.5 2.5 2 1 1 4 4
-4603.0 -5004.9 2.1 65 0 6.0 5.2 2.5 2.5 2 0 1 5 5
-4589.0 -5011.7 2.0 65 0 13.4 21.4 5.0 2.5 2 0 2 3 3
-4708.6 -5142.8 2.5 64 0 9.5 20.9 2.5 2.5 2 1 1 4 4
-4752.0 -5063.9 2.6 235 0 12.7 26.1 7.5 2.5 2 1 3 0 0
-4744.5 -5158.1 2.6 55 0 43.5 72.7 10.0 0.0 0 0 4 2 2
-5132.5 -4754.7 4.8 355 0 31.4 6.4 7.5 2.5 2 0 3 5 5
-5130.6 -4720.3 4.8 175 0 24.0 10.6 7.5 2.5 4 0 3 4 4
-4953.2 -4850.3 3.8 355 0 12.4 42.2 10.0 2.5 2 1 4 4 4
-4958.2 -4914.5 3.7 265 0 21.0 67.5 10.0 2.5 2 0 4 5 5
-5018.4 -4999.5 3.9 264 0 26.4 11.4 10.0 2.5 2 0 4 0 0
-5017.0 -4987.0 3.9 84 0 21.7 48.2 10.0 2.5 2 0 4 0 0
-5037.8 -4989.1 4.0 84 0 19.8 48.2 7.5 2.5 2 0 3 1 1
-3216.6 -5337.6 -3.4 355 0 32.4 49.8 7.5 0.0 0 0 3 5 5
-3278.9 -5401.8 -3.9 175 0 16.1 79.9 10.0 2.5 2 0 4 5 5
-3162.4 -5543.6 -3.9 9 0 9.1 9.2 7.5 2.5 2 1 3 2 2
-3155.9 -5520.2 -3.7 9 0 33.6 13.4 10.0 0.0 0 0 4 1 1
-3336.7 -5647.0 -4.7 143 0 7.3 8.6 7.5 2.5 2 1 3 5 5
-3212.8 -5571.0 -4.9 265 0 11.7 23.5 7.5 2.5 2 1 3 4 4
-3223.6 -5612.5 -5.1 265 0 19.4 35.9 7.5 0.0 0 1 3 0 0
-3263.4 -5612.4 -4.9 355 0 69.8 19.3 10.0 2.5 2 0 4 4 4
-3305.9 -5581.1 -4.8 265 0 20.5 73.2 7.5 2.5 2 1 3 5 5
-3280.2 -5385.6 -3.8 175 0 16.3 79.9 7.5 2.5 2 0 3 5 5
-3243.3 -5425.4 -4.0 85 0 66.9 18.5 10.0 2.5 2 0 4 5 5
-3150.8 -5464.8 -3.2 11 0 10.4 7.3 7.5 2.5 2 0 3 3 3
-3161.5 -5307.8 -2.8 175 0 53.3 20.5 10.0 0.0 0 0 4 2 2
-3146.9 -5244.4 -2.2 356 0 13.3 12.5 5.0 2.5 4 0 2 3 3
-3336.3 -5087.6 -2.0 298 0 35.9 19.1 7.5 0.0 0 0 3 0 0
-3401.7 -5052.3 -2.0 302 0 18.9 18.8 7.5 2.5 2 0 3 0 0
-5373.8 -6198.4 -1.7 91 0 19.2 31.0 7.5 2.5 2 1 3 0 0
-4771.2 -6284.6 -3.8 36 0 13.5 24.4 7.5 2.5 2 1 3 2 2
-4787.2 -6310.7 -4.0 37 0 34.2 18.1 7.5 0.0 0 0 3 1 1
-5356.2 -5975.7 0.1 205 0 14.2 14.5 7.5 2.5 2 1 3 4 4
-3843.3 -6449.6 -7.4 4 0 24.8 18.3 10.0 2.5 2 0 4 5 5
-3841.6 -6426.2 -7.2 4 0 22.1 18.3 10.0 2.5 2 0 4 4 4
-3845.0 -6467.3 -7.4 1 0 7.2 16.5 2.5 2.5 4 1 1 4 4
-3370.6 -5438.1 -3.8 176 0 22.4 9.7 5.0 2.5 2 0 2 4 4
-3395.0 -5281.7 -3.5 355 0 13.8 7.9 7.5 2.5 2 0 3 5 5
-3380.9 -5242.7 -3.4 355 0 62.9 37.4 10.0 0.0 0 0 4 4 4
-4534.0 -6441.4 -5.7 30 0 9.9 16.4 5.0 2.5 2 0 2 1 1
-4575.0 -6439.9 -5.7 191 0 9.9 23.4 2.5 2.5 2 1 1 3 3
-4290.4 -5039.0 0.5 265 0 39.3 44.1 10.0 0.0 0 1 4 2 2
-4573.0 -6312.5 -4.5 301 0 8.6 12.6 7.5 0.0 0 0 3 3 3
-4588.1 -6315.3 -4.5 302 0 7.2 14.5 7.5 0.0 0 0 3 3 3
-4584.7 -6305.0 -4.4 301 0 8.7 12.6 5.0 0.0 0 0 2 5 5
-4185.5 -5789.2 -2.1 39 0 18.5 16.4 10.0 2.5 2 0 4 4 4
-4174.2 -5775.5 -2.1 40 0 17.0 16.4 7.5 2.5 2 0 3 5 5
-3979.7 -6417.4 -6.7 94 0 13.9 17.1 5.0 0.0 0 1 2 4 4
-4012.5 -6590.4 -8.3 273 0 12.3 18.9 5.0 0.0 0 1 2 1 1
-4030.5 -6589.7 -8.3 273 0 12.8 15.3 5.0 2.5 2 1 2 2 2
-4029.6 -6525.5 -7.7 273 0 12.7 15.6 5.0 2.5 4 1 2 0 0
-4009.5 -6526.2 -7.8 273 0 15.3 18.3 12.5 2.5 2 1 5 3 3
-3982.0 -6561.2 -8.0 3 0 16.4 14.2 2.5 2.5 2 0 1 0 0
-4005.7 -6568.4 -8.0 93 0 14.8 16.8 7.5 2.5 4 1 3 2 2
-4020.9 -6565.0 -7.9 93 0 12.4 15.6 5.0 2.5 4 1 2 3 3
-4037.6 -6565.7 -7.9 93 0 14.5 17.3 7.5 2.5 2 1 3 0 0
-4065.4 -6555.4 -7.8 3 0 13.9 17.7 2.5 2.5 2 1 1 0 0
-4064.2 -6543.5 -7.7 3 0 10.7 17.8 2.5 2.5 2 1 1 5 5
-4062.8 -6524.7 -7.5 3 0 12.6 17.8 7.5 2.5 2 1 3 1 1
-4062.8 -6510.8 -7.4 3 0 14.0 15.9 7.5 2.5 2 1 3 2 2
-4059.7 -6496.8 -7.2 3 0 6.0 18.7 5.0 2.5 2 1 2 2 2
-4061.5 -6472.3 -7.1 273 0 11.5 13.6 5.0 2.5 2 1 2 2 2
-4035.6 -6452.0 -7.0 184 0 18.7 10.3 7.5 2.5 4 0 3 3 3
-3990.6 -6375.1 -6.5 275 0 12.0 16.8 5.0 2.5 2 1 2 1 1
-4001.1 -6374.4 -6.4 275 0 7.1 18.5 7.5 2.5 4 1 3 4 4
-3958.0 -6505.7 -7.6 183 0 9.5 19.0 5.0 0.0 0 1 2 3 3
-3959.3 -6517.4 -7.7 183 0 9.5 19.0 2.5 0.0 0 1 1 2 2
-3961.6 -6541.4 -7.9 183 0 9.5 19.0 7.5 0.0 0 1 3 3 3
-3962.6 -6553.2 -8.0 183 0 9.5 19.0 7.5 0.0 0 1 3 0 0
-3963.6 -6565.3 -8.1 183 0 9.5 19.0 7.5 0.0 0 1 3 3 3
-3964.6 -6577.3 -8.2 183 0 9.5 19.0 2.5 0.0 0 1 1 5 5
-4051.4 -6415.5 -6.6 3 0 14.3 18.8 5.0 2.5 2 1 2 5 5
-4054.1 -6433.7 -6.7 3 0 8.6 18.5 2.5 2.5 2 1 1 3 3
-4054.9 -6446.2 -6.8 3 0 14.0 17.7 2.5 2.5 2 1 1 2 2
-4098.2 -6468.9 -7.0 273 0 15.1 13.8 5.0 2.5 4 0 2 0 0
-4107.7 -6524.9 -7.5 183 0 13.4 16.8 5.0 2.5 2 1 2 2 2
-4102.8 -6561.2 -7.7 93 0 14.8 13.4 7.5 0.0 0 0 3 0 0
-4083.8 -6360.7 -6.1 272 0 15.1 13.7 7.5 0.0 0 0 3 5 5
-4092.3 -6383.0 -6.2 183 0 13.2 16.1 5.0 2.5 2 1 2 0 0
-4096.1 -6398.0 -6.3 182 0 7.1 16.4 7.5 2.5 2 1 3 0 0
-4099.0 -6430.7 -6.6 182 0 11.4 19.0 2.5 0.0 0 1 1 2 2
-4081.7 -6344.4 -5.9 97 0 12.3 22.3 7.5 0.0 0 1 3 5 5
-4061.5 -6347.1 -6.0 97 0 12.3 22.3 10.0 0.0 0 1 4 0 0
-4041.6 -6349.0 -6.0 97 0 12.3 22.3 7.5 0.0 0 1 3 5 5
-4021.3 -6352.2 -6.1 97 0 12.3 22.3 12.5 0.0 0 1 5 1 1
-4001.4 -6354.4 -6.2 97 0 12.3 22.3 7.5 0.0 0 1 3 5 5
-3980.4 -6356.8 -6.3 97 0 12.3 22.3 7.5 0.0 0 1 3 1 1
-3960.1 -6359.7 -6.3 97 0 12.3 22.3 10.0 0.0 0 1 4 4 4
-4049.7 -5927.3 -3.4 2 0 7.0 7.0 2.5 2.5 2 1 1 1 1
-3944.3 -5910.7 -3.7 2 0 19.6 5.6 2.5 2.5 2 0 1 4 4
-4046.3 -5847.9 -3.0 92 0 7.7 28.1 5.0 2.5 2 1 2 1 1
-4039.6 -5836.9 -3.0 187 0 27.3 7.6 5.0 2.5 2 0 2 2 2
-4003.8 -5840.5 -3.1 7 0 27.3 7.3 5.0 2.5 4 0 2 4 4
-4045.5 -5914.3 -3.4 181 0 7.8 16.0 7.5 2.5 2 1 3 3 3
-4030.6 -5886.9 -3.3 183 0 28.1 7.7 5.0 2.5 2 0 2 3 3
-4015.9 -5873.4 -3.4 274 0 8.5 43.3 7.5 2.5 2 1 3 1 1
-4005.9 -5875.5 -3.4 275 0 8.6 43.0 7.5 2.5 4 1 3 3 3
-3995.9 -5876.6 -3.5 275 0 7.7 42.6 7.5 2.5 2 1 3 5 5
-3984.5 -5876.8 -3.5 279 0 7.6 43.5 7.5 2.5 2 1 3 1 1
-4336.5 -5978.1 -2.7 39 0 26.4 9.1 5.0 0.0 0 0 2 1 1
-4330.4 -5991.7 -2.8 219 0 15.6 5.8 7.5 2.5 2 0 3 5 5
-4335.0 -5638.5 -0.8 123 0 6.4 14.8 2.5 2.5 4 1 1 5 5
-4258.1 -5807.3 -1.9 90 0 5.5 37.2 5.0 2.5 2 1 2 3 3
-4319.9 -5822.8 -2.0 204 0 10.6 34.6 7.5 2.5 2 1 3 3 3
-4242.0 -5712.3 -1.6 177 0 29.2 8.7 7.5 2.5 2 0 3 0 0
-4245.4 -5768.9 -1.8 91 0 7.6 30.9 7.5 2.5 4 1 3 5 5
-4246.2 -5797.2 -1.9 88 0 7.7 21.3 2.5 2.5 2 1 1 4 4
-4230.1 -5843.8 -2.2 38 0 8.8 7.8 5.0 2.5 2 0 2 1 1
-4169.7 -5758.4 -2.0 39 0 11.1 9.1 5.0 2.5 2 0 2 3 3
-4169.2 -5742.1 -2.0 128 0 12.0 19.9 5.0 2.5 2 1 2 4 4
-4147.1 -5709.2 -1.9 308 0 5.4 8.2 7.5 0.0 0 1 3 3 3
-4028.2 -5694.5 -2.3 269 0 6.9 12.8 7.5 2.5 2 1 3 3 3
-3880.9 -5751.2 -3.1 93 0 9.3 7.1 7.5 2.5 2 0 3 0 0
-3870.0 -5751.5 -3.2 92 0 12.0 7.0 5.0 2.5 2 0 2 5 5
-3977.0 -6676.9 -9.1 181 0 9.7 20.3 7.5 0.0 0 1 3 1 1
-3975.7 -6664.8 -9.0 181 0 9.7 20.3 7.5 0.0 0 1 3 1 1
-3973.3 -6640.7 -8.8 181 0 9.7 20.3 2.5 0.0 0 1 1 2 2
-3995.0 -6698.7 -9.2 10 0 12.8 16.2 7.5 2.5 2 1 3 5 5
-4024.1 -6698.1 -9.1 90 0 15.8 19.7 10.0 2.5 4 1 4 0 0
-4050.4 -6696.1 -9.1 92 0 8.1 19.1 7.5 2.5 2 1 3 4 4
-4095.5 -6735.9 -9.2 109 0 13.6 21.2 10.0 2.5 2 1 4 0 0
-4028.1 -6752.8 -8.7 104 0 12.5 21.4 10.0 0.0 0 1 4 4 4
-4501.0 -6259.3 -4.2 303 0 6.7 11.9 2.5 2.5 2 0 1 1 1
-4519.7 -6258.8 -4.1 303 0 8.9 12.2 5.0 2.5 2 0 2 2 2
-4524.3 -6245.6 -4.0 302 0 5.7 11.2 7.5 2.5 2 0 3 2 2
-4547.4 -6230.8 -3.8 302 0 5.7 11.2 7.5 2.5 2 0 3 1 1
-4519.3 -6305.2 -4.5 122 0 7.4 20.7 7.5 0.0 0 1 3 3 3
-4531.4 -6302.6 -4.4 122 0 11.0 26.8 7.5 0.0 0 1 3 0 0
-4554.9 -6284.0 -4.2 126 0 7.8 22.0 5.0 2.5 2 1 2 2 2
-4568.3 -6279.3 -4.1 126 0 8.4 25.1 7.5 0.0 0 1 3 5 5
-4394.1 -6334.1 -5.0 120 0 7.1 4.4 5.0 2.5 2 0 2 3 3
-4387.2 -6320.0 -4.9 121 0 11.3 3.1 7.5 2.5 2 0 3 4 4
-4371.0 -6281.2 -4.7 210 0 13.5 8.5 2.5 2.5 2 0 1 5 5
-4382.6 -6354.4 -5.3 301 0 17.0 8.3 7.5 2.5 2 0 3 2 2
-4400.1 -6353.2 -5.3 301 0 8.0 23.1 7.5 2.5 2 1 3 4 4
-4422.1 -6373.3 -5.4 211 0 10.0 12.3 7.5 0.0 0 1 3 3 3
-4421.9 -6310.3 -4.8 32 0 10.4 27.6 7.5 2.5 2 1 3 4 4
-4429.9 -6321.0 -4.8 32 0 10.6 25.4 5.0 2.5 4 1 2 3 3
-4445.0 -6345.7 -5.0 32 0 10.5 26.5 10.0 2.5 2 1 4 4 4
-4460.3 -6372.4 -5.2 32 0 7.8 25.1 7.5 2.5 2 1 3 0 0
-4518.6 -6366.3 -5.1 31 0 13.4 10.9 7.5 0.0 0 0 3 2 2
-4538.9 -6336.1 -4.8 301 0 5.8 6.3 5.0 2.5 2 0 2 2 2
-4549.3 -6354.3 -4.9 121 0 9.2 10.0 7.5 2.5 2 0 3 3 3
-4551.2 -6328.9 -4.7 301 0 5.8 6.3 2.5 2.5 2 0 1 4 4
-4555.1 -6333.8 -4.7 302 0 4.3 4.7 7.5 2.5 2 0 3 1 1
-4561.7 -6347.1 -4.8 121 0 9.2 10.0 7.5 2.5 2 0 3 5 5
-4450.3 -6238.0 -4.1 32 0 8.3 9.0 5.0 2.5 2 0 2 5 5
-3920.0 -5748.1 -3.0 90 0 11.8 13.2 7.5 2.5 2 0 3 2 2
-3466.7 -5198.4 -3.2 173 0 12.8 30.1 7.5 2.5 2 0 3 4 4
-3393.3 -5190.2 -3.0 353 0 15.6 31.3 12.5 2.5 2 0 5 4 4
-3395.5 -5173.0 -3.0 353 0 19.2 63.1 7.5 2.5 2 0 3 0 0
-3506.4 -5158.8 -3.1 119 0 64.9 15.1 7.5 2.5 2 0 3 5 5
-4107.2 -6581.5 -8.0 275 0 12.5 15.1 10.0 2.5 2 1 4 1 1
-4066.2 -6587.2 -8.2 275 0 10.8 19.6 7.5 2.5 2 1 3 2 2
-4083.5 -6584.8 -8.1 275 0 10.8 19.6 2.5 2.5 4 1 1 0 0
-4087.6 -6630.0 -8.4 95 0 10.8 19.6 10.0 2.5 2 1 4 1 1
-4069.1 -6630.0 -8.4 95 0 10.8 19.6 5.0 2.5 2 1 2 2 2
-4054.1 -6634.6 -8.5 95 0 10.8 19.6 5.0 2.5 4 1 2 0 0
-4037.8 -6633.5 -8.5 95 0 10.8 19.6 5.0 2.5 2 1 2 1 1
-4018.9 -6632.9 -8.6 95 0 10.8 19.6 7.5 2.5 2 1 3 2 2
-3988.8 -6620.2 -8.5 5 0 13.0 19.8 5.0 2.5 2 0 2 5 5
-4000.5 -6638.6 -8.7 95 0 19.8 12.9 10.0 2.5 2 0 4 1 1
-4123.9 -6651.3 -8.6 182 0 14.6 16.0 7.5 2.5 2 0 3 4 4
-4124.5 -6666.4 -8.7 182 0 15.5 16.0 5.0 2.5 2 0 2 3 3
-4117.4 -6689.1 -8.9 92 0 16.0 14.6 2.5 2.5 2 0 1 3 3
-4078.3 -6652.0 -8.7 272 0 12.0 14.6 10.0 0.0 0 1 4 4 4
-4068.5 -6693.9 -9.0 92 0 12.0 14.6 7.5 2.5 2 1 3 1 1
-4062.7 -6652.6 -8.8 272 0 12.0 14.6 5.0 2.5 2 1 2 4 4
-4043.6 -6653.7 -8.8 272 0 12.0 14.6 5.0 2.5 2 1 2 3 3
-4029.7 -6658.4 -8.9 272 0 12.0 14.6 10.0 2.5 2 1 4 3 3
-4010.3 -6658.1 -8.9 272 0 12.0 14.6 2.5 2.5 2 1 1 1 1
-4233.0 -6327.6 -5.4 97 0 19.8 19.9 7.5 2.5 2 0 3 3 3
-4211.6 -6330.1 -5.5 97 0 23.3 19.9 10.0 2.5 2 0 4 5 5
-4190.1 -6332.7 -5.5 97 0 20.1 19.9 7.5 2.5 2 0 3 4 4
-4170.0 -6335.1 -5.6 97 0 20.5 19.9 10.0 2.5 2 0 4 5 5
-4151.6 -6337.2 -5.7 97 0 16.4 19.9 15.0 0.0 0 0 6 5 5
-4145.2 -6371.9 -6.0 6 0 22.1 16.0 7.5 2.5 2 0 3 1 1
-4147.3 -6393.5 -6.2 6 0 21.2 16.0 10.0 2.5 2 0 4 4 4
-4149.4 -6414.2 -6.3 6 0 20.5 16.0 7.5 2.5 2 0 3 1 1
-4151.6 -6436.1 -6.5 6 0 23.4 16.0 10.0 2.5 2 0 4 3 3
-4347.8 -6366.8 -5.6 209 0 35.9 21.4 7.5 2.5 2 0 3 2 2
-4309.0 -6327.8 -5.2 96 0 44.1 22.5 7.5 0.0 0 0 3 1 1
-4298.4 -6344.4 -5.7 276 0 30.7 39.1 10.0 0.0 0 1 4 1 1
-4339.5 -6429.4 -6.1 144 0 37.4 32.5 7.5 0.0 0 0 3 2 2
-4309.4 -6473.7 -6.6 144 0 37.4 32.5 5.0 0.0 0 0 2 3 3
-4259.9 -6522.0 -7.0 54 0 32.5 37.4 12.5 0.0 0 1 5 4 4
-4234.9 -6422.9 -6.3 6 0 35.1 39.6 10.0 0.0 0 1 4 0 0
-4229.7 -6372.0 -5.8 6 0 35.1 39.6 12.5 0.0 0 1 5 2 2
-4180.1 -6391.2 -6.1 5 0 38.7 30.6 10.0 0.0 0 0 4 0 0
-4183.2 -6429.2 -6.5 5 0 37.6 30.6 10.0 0.0 0 0 4 3 3
-4190.4 -6489.7 -7.0 5 0 42.1 26.1 10.0 0.0 0 0 4 1 1
-4221.8 -6574.6 -7.6 53 0 33.9 36.5 10.0 0.0 0 1 4 1 1
-4176.3 -6475.5 -6.9 181 0 18.7 17.8 10.0 2.5 2 0 4 3 3
-4176.5 -6491.8 -7.0 181 0 13.9 17.8 2.5 2.5 2 0 1 4 4
-4176.8 -6508.1 -7.2 181 0 18.7 17.8 7.5 2.5 2 0 3 4 4
-4159.3 -6526.6 -7.3 1 0 17.7 17.8 7.5 2.5 2 0 3 5 5
-4159.5 -6543.9 -7.5 1 0 16.9 17.8 10.0 2.5 2 0 4 3 3
-4113.8 -6424.7 -6.5 5 0 24.6 16.2 7.5 2.5 2 0 3 3 3
-4131.9 -6397.3 -6.3 185 0 27.0 24.7 7.5 0.0 0 0 3 5 5
-4018.6 -6413.6 -6.6 94 0 14.2 15.6 10.0 2.5 4 1 4 3 3
-3998.8 -6415.6 -6.6 94 0 13.8 17.3 5.0 2.5 2 1 2 3 3
-4184.6 -6592.4 -7.8 60 0 27.8 16.3 10.0 2.5 2 0 4 5 5
-4210.0 -6606.8 -7.9 60 0 30.6 16.3 10.0 2.5 2 0 4 3 3
-4421.4 -6466.9 -6.3 147 0 34.5 31.5 10.0 0.0 0 0 4 3 3
-4365.6 -6431.1 -6.2 327 0 34.6 34.7 10.0 0.0 0 0 4 1 1
-4398.2 -6507.7 -6.7 147 0 34.5 31.5 7.5 0.0 0 0 3 0 0
-4342.5 -6471.8 -6.6 327 0 34.6 34.7 7.5 0.0 0 0 3 4 4
-4371.1 -6548.4 -7.1 148 0 34.5 31.5 7.5 0.0 0 0 3 0 0
-4345.0 -6582.8 -7.5 147 0 34.5 31.5 7.5 0.0 0 0 3 1 1
-4289.2 -6547.0 -7.4 327 0 34.6 34.7 10.0 0.0 0 0 4 2 2
-4323.1 -6615.9 -7.9 147 0 34.5 31.5 10.0 0.0 0 0 4 0 0
-4267.3 -6580.1 -7.7 327 0 34.6 34.7 7.5 0.0 0 0 3 2 2
-4850.3 -6233.9 -3.1 21 0 16.1 44.0 10.0 2.5 2 1 4 1 1
-5324.3 -6475.6 -4.3 17 0 8.9 8.7 2.5 2.5 2 0 1 4 4
-5330.2 -6481.2 -4.3 17 0 5.3 12.0 7.5 2.5 2 0 3 2 2
-5330.7 -6492.3 -4.4 17 0 6.7 19.5 5.0 2.5 2 0 2 1 1
-5255.5 -5483.6 3.2 126 0 29.8 8.3 5.0 2.5 2 0 2 3 3
-5141.6 -5527.5 2.6 37 0 14.9 26.4 15.0 0.0 0 0 6 4 4
-5013.5 -5372.9 3.1 318 0 17.2 18.8 7.5 2.5 2 1 3 5 5
-5011.1 -5328.3 3.2 175 0 17.2 34.3 10.0 2.5 2 1 4 3 3
-4940.8 -5227.4 3.4 178 0 13.3 14.7 10.0 2.5 2 0 4 4 4
-4940.3 -5241.8 3.4 178 0 15.5 14.7 5.0 2.5 2 0 2 4 4
-4795.5 -5508.3 1.6 45 0 38.6 42.2 7.5 0.0 0 0 3 0 0
-5140.3 -4674.4 5.0 85 0 20.9 14.7 5.0 2.5 2 0 2 4 4
-4983.1 -4700.8 4.0 176 0 23.3 13.3 10.0 2.5 2 0 4 0 0
-4956.2 -4629.8 4.1 356 0 30.4 30.2 5.0 0.0 0 0 2 2 2
-5043.8 -5169.3 4.0 356 0 39.7 30.9 7.5 0.0 0 0 3 4 4
-5028.5 -5254.7 3.6 356 0 105.7 35.9 7.5 0.0 0 0 3 2 2
-4700.3 -5967.3 -1.8 217 0 6.9 35.8 5.0 2.5 2 1 2 4 4
-4662.0 -6002.5 -2.0 308 0 13.6 9.9 2.5 2.5 2 0 1 0 0
-4679.0 -6152.0 -2.9 38 0 19.4 9.7 5.0 2.5 2 0 2 5 5
-4534.5 -5925.0 -1.8 38 0 12.0 17.6 5.0 2.5 2 1 2 3 3
-4524.4 -5716.1 -0.5 126 0 18.4 20.0 7.5 0.0 0 1 3 4 4
-4544.7 -5701.5 -0.3 126 0 18.4 20.0 7.5 2.5 2 1 3 1 1
-3283.1 -5458.8 -4.2 356 0 48.7 32.4 7.5 0.0 0 0 3 3 3
-3321.9 -5535.7 -4.2 86 0 23.6 98.2 7.5 0.0 0 0 3 0 0
-3342.1 -5537.1 -4.1 86 0 16.9 98.2 10.0 0.0 0 0 4 5 5
-3358.0 -5538.2 -4.1 86 0 14.8 89.6 10.0 2.5 2 0 4 5 5
-3377.6 -5539.6 -4.0 86 0 24.4 89.6 7.5 0.0 0 0 3 1 1
-3251.2 -5238.0 -2.6 175 0 16.7 50.5 7.5 2.5 2 0 3 2 2
-3249.9 -5254.1 -2.7 175 0 15.6 50.5 10.0 2.5 2 0 4 0 0
-3248.5 -5269.6 -2.8 175 0 15.7 50.5 10.0 2.5 2 0 4 3 3
-5574.9 -6142.3 -0.7 21 0 5.5 8.7 5.0 0.0 0 1 2 2 2
-5581.4 -6161.5 -0.9 21 0 18.3 22.5 7.5 2.5 2 1 3 2 2
-4984.5 -6325.3 -3.7 236 0 7.6 12.4 5.0 2.5 2 1 2 0 0
-4984.3 -6308.8 -3.6 226 0 11.3 15.0 7.5 2.5 2 1 3 3 3
-4949.3 -6364.4 -4.1 46 0 13.2 15.1 10.0 2.5 2 1 4 0 0
-4327.5 -6509.8 -6.9 328 0 40.3 16.5 12.5 2.5 2 0 5 1 1
-4376.7 -6340.3 -5.2 122 0 17.8 24.1 7.5 2.5 2 1 3 1 1
-4352.1 -6309.9 -4.9 32 0 19.9 16.4 12.5 2.5 2 0 5 5 5
-4350.8 -6272.4 -4.8 212 0 25.7 17.1 12.5 2.5 2 0 5 4 4
-4471.2 -6241.7 -4.1 123 0 6.3 7.0 7.5 2.5 2 0 3 5 5
-4489.1 -6232.5 -4.0 124 0 5.6 7.8 7.5 2.5 2 0 3 2 2
-4891.8 -5190.5 3.3 194 0 6.8 10.4 7.5 2.5 2 0 3 5 5
