582.4 -1219.6 -5.7 294 0 135.3 45.0 7.5 0.0 0 0 3 3 3
451.9 -1150.6 0.5 294 0 15.3 33.2 10.0 2.5 2 1 4 3 3
460.2 -1350.7 -0.5 112 0 39.2 26.1 10.0 0.0 0 0 4 3 3
558.8 -1270.6 -3.6 294 0 46.2 88.6 10.0 0.0 0 1 4 5 5
-4924.0 397.7 -6.3 199 0 22.9 7.9 7.5 2.5 2 0 3 0 0
-4855.6 377.3 -6.8 12 0 18.7 25.7 7.5 2.5 2 1 3 2 2
-4900.7 443.5 -6.9 209 0 7.6 13.0 7.5 0.0 0 1 3 3 3
-4886.6 485.0 -7.4 203 0 8.4 14.4 7.5 0.0 0 1 3 2 2
-4870.7 527.6 -7.9 211 0 8.6 14.7 7.5 0.0 0 1 3 5 5
-4844.1 572.4 -8.5 292 0 8.6 14.7 7.5 0.0 0 1 3 2 2
-4828.4 568.7 -8.7 290 0 12.8 11.7 7.5 2.5 2 0 3 2 2
-4812.7 562.8 -8.8 290 0 14.0 11.1 7.5 2.5 2 0 3 1 1
-4832.9 440.5 -7.5 27 0 8.4 14.5 7.5 0.0 0 1 3 5 5
-4809.7 503.7 -8.3 14 0 7.9 13.4 7.5 0.0 0 1 3 3 3
-4795.8 553.2 -8.8 309 0 8.8 15.0 7.5 0.0 0 1 3 0 0
-6435.9 -679.4 -11.0 109 0 13.7 26.0 7.5 0.0 0 1 3 0 0
-6440.5 -619.4 -11.2 332 0 11.1 6.9 7.5 0.0 0 0 3 0 0
-6334.6 -780.7 -8.9 197 0 38.3 8.9 7.5 2.5 2 0 3 0 0
-6410.1 -858.4 -10.3 17 0 14.1 32.5 10.0 0.0 0 1 4 3 3
-6512.1 -830.2 -11.3 288 0 28.8 13.0 10.0 2.5 4 0 4 0 0
-6565.6 -973.8 -10.5 288 0 22.9 13.3 10.0 0.0 0 0 4 5 5
-6478.8 -985.8 -9.6 269 0 46.5 11.6 10.0 2.5 2 0 4 5 5
-801.9 -5088.7 -0.3 355 0 12.1 8.7 5.0 2.5 4 0 2 2 2
-814.1 -5054.2 -0.3 73 0 9.7 6.7 5.0 2.5 2 0 2 1 1
4715.0 -6318.3 -6.3 180 0 48.5 32.8 10.0 0.0 0 0 4 4 4
-3919.4 -4304.5 -5.0 276 0 11.2 48.6 10.0 0.0 0 1 4 0 0
-6130.1 -1414.0 -4.0 192 0 27.4 12.8 5.0 0.0 0 0 2 4 4
-578.9 -5813.6 0.0 81 0 109.9 68.0 10.0 0.0 0 0 4 4 4
-658.9 -5714.2 0.5 171 0 31.4 33.8 10.0 0.0 0 1 4 4 4
-430.7 -6757.9 0.6 351 0 52.4 7.2 7.5 0.0 0 0 3 2 2
94.1 -6503.7 -0.2 173 0 45.2 8.0 7.5 2.5 2 0 3 5 5
79.4 -6666.5 0.6 81 0 18.6 6.9 5.0 2.5 2 0 2 0 0
91.1 -6615.5 0.1 351 0 84.4 7.9 7.5 0.0 0 0 3 3 3
53.8 -6767.5 0.6 351 0 37.0 7.5 7.5 2.5 2 0 3 2 2
-365.9 -6775.3 0.8 81 0 6.9 52.4 5.0 2.5 2 1 2 5 5
-341.1 -6771.9 0.9 81 0 6.9 52.4 7.5 2.5 4 1 3 3 3
52.4 -6620.2 0.4 171 0 84.4 7.9 7.5 2.5 2 0 3 5 5
75.8 -6513.4 -0.1 350 0 32.5 7.0 5.0 2.5 2 0 2 0 0
33.8 -6645.1 0.8 350 0 39.2 6.5 7.5 2.5 2 0 3 2 2
66.7 -6538.2 0.1 351 0 6.7 15.6 2.5 2.5 2 1 1 4 4
-395.6 -6715.5 0.8 261 0 25.7 7.0 2.5 2.5 2 0 1 2 2
27.1 -6599.6 0.6 350 0 39.2 6.5 7.5 2.5 2 0 3 2 2
-413.3 -6755.3 0.7 171 0 52.4 6.9 7.5 2.5 2 0 3 0 0
0.8 -6669.9 1.1 80 0 6.5 39.2 7.5 2.5 2 1 3 4 4
20.2 -6792.1 0.5 82 0 7.1 37.6 7.5 2.5 4 1 3 4 4
-719.0 -6142.8 3.3 85 0 7.4 39.2 7.5 2.5 2 1 3 1 1
-742.3 -6144.7 3.4 85 0 8.0 39.3 7.5 2.5 2 1 3 1 1
-762.9 -6196.4 4.0 355 0 51.6 7.9 7.5 2.5 2 0 3 5 5
-711.4 -6192.6 3.6 355 0 51.6 7.9 7.5 2.5 2 0 3 3 3
-791.2 -6199.0 4.1 175 0 51.6 7.9 7.5 0.0 0 0 3 1 1
-720.1 -6080.6 3.1 356 0 33.5 8.1 7.5 2.5 4 0 3 0 0
-741.9 -6194.9 3.8 175 0 51.6 7.9 7.5 2.5 2 0 3 2 2
-623.7 -6520.7 4.1 84 0 29.9 7.9 5.0 0.0 0 0 2 4 4
-813.5 -5379.1 0.1 271 0 9.4 6.0 7.5 0.0 0 0 3 2 2
-777.8 -6028.3 3.2 355 0 31.9 7.5 5.0 2.5 2 0 2 0 0
-710.2 -5403.2 -0.5 3 0 8.5 10.8 2.5 0.0 0 1 1 2 2
-889.6 -5015.3 -0.4 194 0 9.9 14.3 5.0 0.0 0 1 2 4 4
-960.7 -4974.7 -0.8 98 0 21.0 10.4 5.0 0.0 0 0 2 1 1
-718.9 -6547.9 3.6 174 0 7.0 38.3 7.5 2.5 2 1 3 3 3
-782.2 -5990.3 3.1 355 0 31.9 6.2 7.5 2.5 4 0 3 4 4
-792.2 -5271.7 -0.6 350 0 8.1 10.0 7.5 2.5 4 1 3 4 4
-852.8 -4941.3 -0.3 188 0 7.4 14.1 5.0 2.5 4 1 2 4 4
-694.1 -6704.2 1.0 85 0 6.7 47.5 7.5 2.5 2 1 3 5 5
-765.5 -5414.4 -0.0 358 0 6.3 9.0 2.5 2.5 2 1 1 5 5
-834.8 -5119.6 -0.5 2 0 3.6 9.4 7.5 2.5 2 1 3 4 4
-703.9 -6336.1 4.4 264 0 8.0 62.3 7.5 2.5 2 1 3 0 0
-870.4 -4984.5 -0.3 14 0 3.7 11.2 5.0 2.5 2 1 2 4 4
-700.1 -6637.0 2.1 84 0 6.4 38.9 7.5 2.5 4 1 3 5 5
-773.3 -6082.1 3.5 355 0 38.0 7.9 7.5 2.5 2 0 3 5 5
-716.3 -5454.8 -0.2 181 0 6.3 9.3 7.5 2.5 4 1 3 2 2
-839.6 -5128.2 -0.6 359 0 7.1 13.3 7.5 2.5 2 1 3 0 0
-663.6 -6503.5 4.3 176 0 16.6 5.8 7.5 2.5 2 0 3 1 1
-849.6 -5088.3 -0.5 1 0 7.4 12.0 5.0 2.5 2 1 2 2 2
-669.4 -6678.6 1.1 355 0 47.5 6.7 7.5 2.5 2 0 3 5 5
-717.2 -6590.1 2.8 264 0 19.2 7.8 5.0 2.5 2 0 2 2 2
-772.5 -6146.7 3.7 87 0 7.9 38.0 7.5 2.5 2 1 3 2 2
-837.1 -5242.0 -0.4 265 0 6.7 7.8 7.5 2.5 2 1 3 2 2
-774.9 -5469.5 0.3 88 0 7.7 11.4 5.0 0.0 0 1 2 0 0
-677.9 -6570.0 3.1 354 0 8.1 38.8 7.5 0.0 0 1 3 1 1
-726.2 -6640.5 2.1 84 0 6.4 38.9 7.5 2.5 2 1 3 1 1
-841.4 -5162.2 -0.7 91 0 16.1 7.1 2.5 2.5 2 0 1 4 4
-873.7 -4990.9 -0.2 15 0 5.1 8.7 2.5 2.5 2 1 1 5 5
-842.4 -5104.1 -0.5 356 0 9.3 6.2 5.0 0.0 0 0 2 3 3
-784.9 -5333.5 -0.3 351 0 6.7 7.8 7.5 2.5 2 1 3 0 0
-675.7 -6615.7 2.2 354 0 38.9 6.4 7.5 2.5 2 0 3 1 1
-725.3 -6653.0 1.0 265 0 7.0 55.1 7.5 2.5 2 1 3 5 5
-559.8 -6703.0 1.1 86 0 13.3 24.2 10.0 2.5 2 1 4 5 5
-790.8 -5487.0 0.4 94 0 4.6 14.7 7.5 2.5 2 1 3 0 0
-670.8 -5540.8 -0.0 0 0 7.8 10.3 5.0 2.5 2 1 2 0 0
-756.4 -6035.0 3.0 174 0 28.1 8.1 7.5 0.0 0 0 3 5 5
-759.7 -5997.6 2.8 174 0 28.1 8.1 7.5 2.5 2 0 3 4 4
-733.0 -5926.8 2.4 355 0 28.0 8.2 7.5 2.5 2 0 3 1 1
-725.7 -6014.9 2.9 356 0 28.1 8.1 5.0 2.5 2 0 2 3 3
-729.0 -5977.5 2.7 356 0 28.1 8.1 5.0 2.5 2 0 2 3 3
-763.7 -5946.9 2.6 174 0 28.1 8.1 7.5 2.5 2 0 3 3 3
-556.7 -6669.7 1.5 354 0 10.3 31.9 12.5 2.5 2 1 5 2 2
-318.6 -6596.1 3.0 92 0 28.7 8.1 5.0 2.5 2 0 2 1 1
-56.3 -6482.3 0.7 261 0 7.3 14.2 7.5 2.5 2 1 3 2 2
-95.9 -6492.7 1.0 261 0 16.1 19.4 10.0 2.5 2 1 4 2 2
-278.3 -6284.6 1.0 171 0 13.6 21.2 12.5 2.5 2 1 5 5 5
-45.0 -6480.5 0.6 261 0 10.4 23.0 5.0 0.0 0 1 2 2 2
552.0 -6312.6 1.9 173 0 32.1 8.7 7.5 2.5 2 0 3 4 4
467.1 -6319.5 1.1 172 0 31.7 9.3 7.5 2.5 2 0 3 4 4
444.9 -6330.5 0.8 82 0 6.2 32.7 7.5 2.5 2 1 3 0 0
448.5 -6460.6 0.4 215 0 11.5 11.6 2.5 2.5 2 1 1 0 0
318.5 -6357.1 -1.4 261 0 31.9 8.7 7.5 0.0 0 0 3 1 1
288.3 -6317.3 -1.3 170 0 32.1 8.7 7.5 2.5 2 0 3 1 1
350.2 -6288.8 0.0 353 0 32.1 8.7 7.5 2.5 2 0 3 4 4
332.8 -6333.6 -1.1 82 0 31.9 8.7 7.5 0.0 0 0 3 0 0
305.5 -6271.7 -0.6 261 0 31.9 8.7 7.5 2.5 2 0 3 5 5
254.1 -6304.2 -1.5 353 0 32.1 8.7 7.5 2.5 2 0 3 0 0
210.5 -6290.0 -1.0 353 0 14.1 34.8 10.0 2.5 2 1 4 2 2
311.2 -6034.3 0.2 176 0 9.6 5.1 5.0 2.5 2 0 2 3 3
-866.2 -3521.0 0.8 107 0 6.1 12.3 7.5 2.5 4 1 3 5 5
-800.1 -3629.6 1.0 102 0 9.5 5.4 2.5 2.5 2 0 1 3 3
-799.1 -3618.0 1.0 92 0 5.9 6.1 2.5 2.5 4 1 1 3 3
-732.9 -3436.3 0.3 279 0 8.4 4.7 5.0 2.5 2 0 2 4 4
-826.7 -3528.1 1.0 104 0 10.3 5.1 2.5 2.5 2 0 1 3 3
-877.6 -3520.0 0.6 103 0 11.2 11.2 5.0 2.5 2 0 2 3 3
-723.6 -3437.7 0.1 196 0 6.3 27.3 7.5 2.5 2 1 3 2 2
-760.2 -3434.8 0.3 191 0 6.8 21.0 7.5 2.5 2 1 3 1 1
-825.7 -3508.1 0.8 101 0 5.9 16.3 5.0 2.5 2 1 2 4 4
-795.9 -3595.0 0.9 95 0 5.3 12.1 2.5 2.5 2 1 1 0 0
-6052.2 1053.8 -8.8 89 0 9.7 24.6 7.5 2.5 2 1 3 2 2
-6054.7 -845.4 -3.4 278 0 8.3 37.2 7.5 2.5 2 1 3 3 3
-6855.2 849.8 -2.3 189 0 27.3 12.9 14.0 0.0 0 0 4 0 0
-6788.4 753.0 -2.2 279 0 10.3 8.5 10.5 3.5 2 0 3 2 2
-6756.0 1123.6 -2.6 114 0 13.1 12.8 14.0 3.5 2 0 4 5 5
-6740.2 1121.3 -3.0 115 0 12.3 12.5 14.0 3.5 2 1 4 5 5
-6702.1 1005.6 -1.8 279 0 6.8 10.2 10.5 3.5 2 1 3 4 4
-6744.1 1009.4 -1.8 280 0 13.7 8.7 10.5 3.5 4 0 3 3 3
-6774.6 969.7 -1.8 9 0 27.7 12.3 14.0 3.5 2 0 4 4 4
-6782.0 936.9 -1.8 11 0 27.2 12.2 14.0 3.5 2 0 4 5 5
-6784.9 902.3 -1.9 9 0 27.1 12.3 14.0 0.0 0 0 4 2 2
-6826.6 984.9 -1.7 190 0 28.1 12.9 14.0 3.5 2 0 4 0 0
-6837.9 951.2 -1.9 188 0 28.8 12.8 14.0 3.5 2 0 4 1 1
-6839.6 916.4 -2.0 190 0 27.5 11.9 14.0 3.5 2 0 4 3 3
-6846.6 882.3 -2.1 190 0 27.6 13.0 14.0 3.5 2 0 4 4 4
-5108.1 223.2 -4.2 299 0 10.8 10.3 5.0 2.5 2 0 2 0 0
-5124.1 231.7 -3.9 304 0 15.8 9.2 7.5 2.5 2 0 3 0 0
-5873.6 211.0 -8.4 195 0 7.3 15.4 5.0 2.5 2 1 2 1 1
-6064.9 552.8 3.5 15 0 7.9 9.5 10.5 3.5 2 1 3 2 2
-6213.4 -70.4 -8.4 3 0 9.2 6.9 5.0 2.5 2 0 2 1 1
-6097.9 513.0 4.9 106 0 20.6 14.5 17.5 3.5 2 0 5 1 1
-6371.9 359.4 -2.4 195 0 9.4 67.6 10.5 3.5 2 1 3 2 2
-6357.9 338.3 -1.3 191 0 6.5 9.0 10.5 3.5 2 1 3 2 2
-6385.7 289.7 -1.2 194 0 13.1 7.3 10.5 3.5 4 0 3 2 2
-6313.3 231.0 -1.4 18 0 4.7 9.3 10.5 3.5 2 1 3 0 0
-6118.6 809.6 -4.6 103 0 37.7 10.8 17.5 3.5 2 0 5 0 0
