-4864.5 -728.4 11.7 2 0 148.4 166.4 14.0 0.0 0 1 4 0 0
-61.2 6645.8 -15.2 81 0 18.6 6.9 5.0 2.5 2 0 2 0 0
-114.2 6539.1 -16.4 261 0 16.2 5.7 5.0 0.0 0 0 2 3 3
44.4 6613.7 -16.7 171 0 37.0 7.9 7.5 2.5 2 0 3 4 4
-228.3 6647.2 -14.3 261 0 25.7 7.0 5.0 2.5 2 0 2 4 4
-294.6 6510.6 -15.7 81 0 6.9 52.4 7.5 2.5 2 1 3 0 0
97.9 6677.9 -15.7 81 0 7.9 84.4 7.5 2.5 2 1 3 0 0
-43.9 6800.8 -14.9 171 0 38.1 7.0 7.5 2.5 2 0 3 4 4
28.6 6710.5 -15.5 171 0 84.4 7.9 7.5 2.5 2 0 3 1 1
-312.2 6622.3 -14.8 261 0 6.8 52.4 7.5 2.5 2 1 3 4 4
147.5 6732.8 -15.3 81 0 6.3 39.3 7.5 2.5 2 1 3 2 2
-318.4 6662.0 -13.3 81 0 6.7 112.2 7.5 2.5 2 1 3 1 1
-198.8 6614.2 -15.2 351 0 52.4 6.9 7.5 2.5 2 0 3 2 2
-254.0 6517.4 -15.8 81 0 6.9 52.4 7.5 2.5 2 1 3 0 0
114.8 6672.8 -15.7 81 0 18.6 6.8 5.0 2.5 2 0 2 1 1
-7.3 6755.4 -14.1 351 0 6.8 18.6 5.0 2.5 2 1 2 2 2
-48.8 6701.4 -15.2 351 0 84.4 7.9 7.5 2.5 2 0 3 2 2
60.3 6645.7 -15.9 261 0 18.6 6.9 7.5 0.0 0 0 3 1 1
55.6 6664.2 -15.7 81 0 18.6 6.8 5.0 2.5 2 0 2 3 3
-147.7 6497.5 -16.9 351 0 54.4 7.4 7.5 2.5 2 0 3 4 4
-229.7 6521.0 -15.9 81 0 6.8 52.4 7.5 2.5 2 1 3 5 5
2.0 6637.0 -15.9 261 0 18.6 6.9 7.5 2.5 2 0 3 2 2
-247.0 6633.0 -15.0 261 0 6.9 52.4 7.5 2.5 2 1 3 4 4
-90.1 6505.6 -16.5 351 0 53.9 7.3 7.5 2.5 2 0 3 5 5
156.0 6784.5 -14.8 261 0 18.9 6.6 5.0 2.5 2 0 2 4 4
-34.5 6601.9 -16.2 351 0 37.9 5.9 7.5 2.5 2 0 3 0 0
25.8 6610.9 -16.6 351 0 38.7 6.8 7.5 2.5 2 0 3 5 5
-5.8 6788.0 -14.8 81 0 8.2 37.1 7.5 2.5 2 1 3 4 4
98.8 6774.0 -14.6 261 0 18.6 6.8 7.5 2.5 4 0 3 2 2
-125.9 6500.8 -16.4 171 0 53.9 6.6 7.5 2.5 2 0 3 5 5
-271.4 6628.9 -14.9 261 0 6.9 52.4 7.5 2.5 2 1 3 0 0
-316.2 6786.1 -13.0 261 0 25.7 7.0 7.5 2.5 4 0 3 1 1
10.6 6707.2 -15.4 351 0 84.4 7.9 7.5 2.5 4 0 3 2 2
-1.0 6656.2 -15.5 81 0 18.6 6.8 7.5 2.5 2 0 3 0 0
-282.8 6724.8 -13.5 351 0 112.2 6.8 7.5 2.5 2 0 3 0 0
-336.2 6618.7 -14.7 261 0 6.8 52.4 7.5 2.5 2 1 3 5 5
-196.5 6692.3 -13.7 351 0 9.7 17.1 5.0 2.5 2 1 2 4 4
-68.0 6501.4 -16.7 171 0 71.2 7.1 7.5 2.5 2 0 3 1 1
-57.4 6628.0 -15.6 261 0 18.6 6.8 5.0 2.5 2 0 2 2 2
128.8 6681.5 -15.7 82 0 7.9 84.4 7.5 2.5 2 1 3 2 2
-28.1 6702.5 -15.3 172 0 84.4 7.9 7.5 2.5 2 0 3 4 4
67.3 6715.3 -15.7 351 0 84.4 7.9 7.5 2.5 2 0 3 1 1
-13.3 6605.7 -16.3 171 0 38.3 6.0 7.5 2.5 2 0 3 5 5
-434.1 6649.5 -12.9 117 0 19.9 11.3 7.5 2.5 2 0 3 2 2
-485.0 6788.3 -12.4 267 0 12.4 27.4 7.5 0.0 0 1 3 1 1
-546.8 6756.9 -12.7 84 0 8.8 48.7 7.5 2.5 2 1 3 5 5
-564.4 6790.6 -12.1 273 0 17.8 17.5 7.5 2.5 4 0 3 5 5
211.8 6621.5 -15.5 284 0 27.8 11.1 10.0 2.5 2 0 4 2 2
-369.5 6181.1 -15.5 23 0 28.6 13.1 7.5 2.5 2 0 3 4 4
